5/10/2023	11:15:02 AM
2.001500
0.002229	-0.033022	0.017748	-0.000413	0.002688	0.002225	0.002935	0.002250	0.002689	-2.001499	0.002814	0.003103	0.003208	0.002919	0.004634	0.003008
0.002640	0.002718	0.002555	0.002563	0.002236	0.002768	0.003024	-0.018867	0.004228	0.005011	-0.019358	0.004869	0.004549	0.005919	0.008338	0.007124
0.037214	0.002627	0.002401	0.003074	0.002895	0.004779	0.004643	0.004877	-0.003734	0.006003	0.035775	0.006562	-0.867567	0.007507	0.051608	0.006773
0.002020	0.017767	0.003126	0.003818	0.005155	0.005396	0.005263	0.005044	0.005398	0.005724	-0.020623	0.007216	0.007019	0.007872	0.007956	0.008292
0.002698	0.006587	-0.007866	0.005368	0.005916	0.010330	0.005353	0.019890	0.005601	-0.001445	0.006460	0.006946	0.020378	0.007576	0.007681	0.007794
-1.989140	0.007934	0.006445	0.046627	0.006661	0.009304	0.006834	0.006531	0.006778	0.018160	0.018625	0.006556	0.007699	0.584399	0.060991	0.026105
-2.001501	0.005866	0.007137	0.007089	0.007621	0.007553	0.007526	0.008066	0.007336	0.008090	0.007829	0.007957	0.010700	0.008514	0.007760	0.007725
-2.001495	0.007070	0.007636	0.007936	0.008210	0.009479	0.008850	0.004271	0.008151	0.008484	0.007640	0.008159	0.007690	0.008264	0.008655	0.008059
0.019683	0.007075	0.020314	0.008362	0.008404	0.008657	0.031235	-0.003218	0.009717	0.008151	0.007684	0.007548	0.008133	0.007525	0.007616	0.008716
0.027662	0.007313	0.008083	0.011195	0.008620	0.004131	0.009074	-0.015137	0.009075	0.020276	0.008336	0.007910	0.007494	0.007282	0.007384	-0.002287
-2.001502	0.006458	0.008145	0.008577	0.009000	0.008889	0.008855	0.022143	0.008697	0.008824	0.008088	0.007914	-1.724532	-2.001500	-2.001501	0.000000
0.006046	0.007583	0.019656	0.008413	0.008954	0.008760	0.007356	-0.031345	-0.002502	-0.018152	0.008160	0.007674	0.007423	0.007469	0.007672	0.015632
0.005408	0.007172	0.007740	0.008285	0.008917	0.008845	0.009216	0.027838	0.014137	-0.005645	0.007864	0.008024	0.007429	0.006533	0.007098	0.007806
-0.005479	-0.000725	0.008232	0.008451	0.008182	0.008388	0.008941	0.008298	0.007688	0.007427	0.127058	0.007629	0.007339	0.008049	0.001065	-2.003205
0.004582	0.004111	0.006173	0.006116	0.006872	0.009797	0.006258	0.013307	0.007738	0.007213	0.007585	0.007076	0.006789	0.007475	0.006705	0.006981
0.076041	0.043480	0.004069	0.003939	0.004251	0.004028	0.004245	0.004841	0.004699	0.013703	0.003660	0.056248	-2.000618	0.002275	0.003946	0.004320
0.004025	0.003422	0.004173	-1.993601	0.003904	0.004055	0.003945	0.001409	0.003962	0.003464	-0.032913	0.003314	0.003391	0.003311	0.003639	0.001458
0.003762	0.003721	0.003937	0.004041	-0.005528	-0.004051	0.003241	0.003304	0.003287	0.002809	0.001835	0.002517	0.002743	0.001945	0.002524	0.003402
0.004299	0.004313	0.003954	0.003824	0.003448	0.003238	0.003508	0.002641	0.016719	0.002697	0.002275	0.002101	0.002123	0.002768	0.002027	0.000000
0.004027	0.003990	0.003745	0.003955	0.003222	0.003548	0.002856	0.238359	0.002516	0.002685	0.002438	0.000765	0.002142	0.015820	0.010895	0.003807
0.003599	0.003278	0.003617	0.003157	0.003194	0.002840	0.002670	0.002426	0.002545	0.002242	0.001954	0.001636	0.001951	0.001852	0.002072	0.001149
0.002917	0.002896	-0.021373	0.002914	0.002934	0.003261	0.003158	0.002328	0.016019	-0.015976	0.001989	0.001944	0.001910	0.000908	0.001538	-0.010413
0.003322	0.015616	0.002855	-0.012711	0.002790	0.002996	0.001097	-0.003348	0.002593	0.055409	-0.012348	0.001919	0.002377	0.001663	0.001736	0.000932
0.000000	0.011129	0.017212	0.003036	0.002191	0.003178	-0.010881	0.002251	0.002643	-0.016534	0.002032	0.001850	0.001989	0.002012	0.001583	0.010496
0.003854	-0.023032	0.002599	0.002765	0.002340	0.023234	0.002664	0.071587	-0.012550	0.001688	0.001784	0.001735	0.000980	0.000770	-0.003987	-0.005053
0.002707	0.002887	0.002554	-0.006016	-0.050271	0.002790	0.002518	0.002279	-0.006445	0.002866	0.002361	0.002000	0.002001	0.016055	0.001574	0.003827
0.003089	0.002601	0.002572	0.003290	0.003001	0.002872	0.002809	0.002688	0.002977	0.002550	0.001808	0.002587	0.001648	0.001768	-0.009385	0.013584
0.002980	0.002813	0.002470	0.002729	0.002548	0.002284	0.002281	0.002564	0.002604	0.002514	0.002260	-0.024252	0.001480	0.001750	0.001888	0.002111
0.002564	0.002006	0.002445	0.002364	0.002087	0.002315	0.002556	0.002933	0.004734	0.002387	0.001951	0.002287	0.001866	0.002131	0.001729	0.001022
0.002883	0.002396	0.002646	0.002497	-0.011870	0.002178	0.001855	0.001850	0.001604	0.002483	0.002364	0.001823	0.001426	0.032116	0.000515	0.001619
0.016880	0.002893	0.033878	-0.075474	0.003866	-1.009472	0.039994	-0.000940	0.002496	0.002107	0.002556	0.010373	0.002505	0.002391	0.000000	0.012114
0.003718	0.002748	0.002103	0.002256	0.001898	0.002080	0.002278	-0.004845	0.001849	0.001589	0.000000	0.002670	0.002202	0.002266	0.001946	-0.016524
0.003179	0.002128	-0.026403	0.002134	0.002103	0.002383	0.001761	0.001738	0.002112	0.002179	0.002489	0.002244	0.002371	0.002642	-2.054020	0.002809
0.002382	-0.033695	0.002336	0.002139	0.002505	0.002066	0.001950	0.001622	0.002034	0.002396	0.002406	0.002646	0.002414	0.002306	0.002583	-0.008458
0.003065	0.002632	0.002674	0.002197	0.001931	0.002654	0.002204	0.016669	0.001958	0.002274	0.002187	0.002737	0.002514	-0.007123	0.002979	0.002223
0.003280	0.001893	0.002401	0.001951	0.001769	-0.024463	0.002047	0.110753	0.001388	0.020500	0.017428	0.025350	0.002202	0.003298	-0.002835	-0.015927
