12/18/2023	2:40:21 PM

Pc[W]	Q0	Eacc[MV/m]	He_temp[K]
2.150	15489859423.240	16.993	1.465300
39602.431007	404.383002	476.684494	17738.144543	22105.474625	20973.150786	16636.596206	482.310457	21797.259593	17955.222578	16614.399340	18277.355470	19468.543006	17355.014194	32197.151378	20229.109612
19190.595145	30794.679834	16604.693553	16147.798820	21088.389064	30532.529842	23700.716661	446.539745	16511.457644	15088.196323	19657.952481	16704.370073	17821.385121	30439.300505	16626.156651	16499.731646
440.641902	30577.146207	36122.108911	17247.779390	14424.818203	16969.807850	14708.267911	17717.492257	482.069823	16808.800927	587.843411	17121.749316	19379.325071	17010.485434	25687.891539	43655.199444
16304.582590	432.609880	16157.433548	22764.325628	20911.612502	27784.377201	15353.121737	16357.253291	17156.645354	15990.553124	489.632762	16787.331576	17956.928032	16748.106355	19281.563413	25732.973584
30393.772955	108.027604	461.498791	14290.800503	28329.501465	16987.780587	19013.373504	412.635865	19538.527989	406.327303	29850.121626	31388.060833	431.717374	28462.625751	13872.656171	18177.986398
21812.481346	19810.067218	18874.692948	409.135092	19849.706166	408.101765	17954.781882	18758.209127	20491.183955	20602.607441	466.370273	16485.445717	16105.262199	446.769950	33154.788157	16723.480305
105133.414474	21331.237934	29255.354819	18062.213343	24322.673223	18357.441303	15570.483943	21485.530482	29110.601049	17196.673523	16997.725334	31129.579239	481.346687	18220.264761	29408.334044	25500.139383
105140.807534	26921.760108	28015.889470	15685.616864	16982.004696	15800.808143	29246.902892	476.096517	18802.978131	17542.487144	17183.751415	28126.724781	16479.436277	17720.248099	24487.867922	16947.811574
438.455438	17141.562399	24716.488471	16508.650063	16684.666173	17202.525181	487.306400	560.876745	17084.045554	28202.398890	18069.824244	18921.144396	17828.063683	20745.945381	18290.538708	25758.322213
449.563178	17791.834011	28593.495506	485.266308	37134.592588	445.325910	31959.676866	527.315296	21631.362876	466.964616	16603.615126	14408.952894	16330.728704	18142.422752	19644.634382	465.765098
105135.878712	687.539271	18384.335134	25474.148407	17811.230640	19407.158836	103795.698442	466.472357	17381.738540	99043.963408	28805.141513	17442.648061	17255.473981	105143.272118	15248.418307	16905.158005
27760.614347	29054.726829	412.215456	30272.669103	15048.106973	31135.298123	29990.421598	466.749468	437.433149	458.723392	25466.242174	19867.593994	19087.488862	23044.897192	16787.840119	425.079453
20085.095621	17844.888163	18695.157061	17103.619418	31093.184599	31076.362087	18627.378012	422.702616	375.448042	549.521625	21927.475914	17111.721706	15263.311400	15144.249016	13949.992629	26734.705662
484.853830	539.429187	18314.467743	17922.654735	32723.685049	17868.114441	15004.278684	18669.653409	16810.973961	16339.757087	24749.794869	16211.264470	16808.086035	16112.551748	536.250149	426.964671
29357.828392	32124.718542	17356.612714	17122.389683	28746.123885	474.380659	23030.137230	398.819857	22513.906344	18906.864733	30616.580415	17441.173017	16882.621823	16862.561743	17748.965798	105140.807534
105140.807534	105135.878712	105133.414474	105143.272118	105150.666564	105145.736818	105150.666564	105140.807534	105140.807534	575.462735	17286.354140	447.467294	475.113714	19664.608859	18736.475730	25059.868905
16893.461321	17342.912595	16893.280510	8880.578292	15739.497123	17836.613855	19250.518699	509.377478	19705.780553	22759.031419	384.461700	19868.235718	15420.465602	15828.891009	17966.374024	21046.781476
20256.403492	34573.003668	18931.450430	18503.505033	469.600890	1015.168995	28692.058199	17201.881312	20105.492211	17379.418503	34736.879528	30440.816294	30116.410925	14462.715148	21065.966277	593.608522
19316.646459	17592.921812	17504.691259	16536.170165	31012.361980	33221.627011	20187.324805	19944.407580	485.914221	19873.152767	33350.040320	19253.174499	25342.033692	16950.291569	15177.237084	105156.229403
18034.003726	19111.081003	16834.781487	18122.794462	30070.635157	23307.222782	16805.407377	105143.904385	18118.349757	19410.447603	29109.589892	22595.687193	20705.541400	403.255576	426.839648	437.628036
20941.170498	16344.533376	32000.380906	17122.281449	17924.118942	17346.647007	17866.509937	17207.391824	15283.884203	14540.226396	16001.717580	16826.338309	18790.212059	16588.123384	31013.961352	18338.554434
16367.047731	15971.020773	403.227219	16625.355052	16859.545362	17643.403935	22282.991760	18273.331021	465.734432	472.104699	30834.038088	30918.988157	22616.927894	18016.338421	14053.686856	411.970359
21381.719088	461.439714	18531.472422	435.112296	17279.501818	21081.564815	19229.216509	417.323064	19769.967657	455.087032	491.804650	16599.241091	22454.640728	23587.302996	21645.857232	20165.691242
105153.764168	637.687765	444.749101	21849.000133	30031.837779	22925.792242	499.505393	16661.398763	27725.753379	422.427662	28885.814735	14776.788911	25025.258390	15901.044030	30896.215264	441.097761
450.727772	440.065293	17765.455332	18780.829243	18069.760107	435.894058	18532.014256	496.801337	448.931152	17113.057672	17814.995895	15653.824080	18890.088721	17773.800344	437.226984	466.350603
14938.829217	18540.397041	22458.776709	446.792968	448.519520	30371.408999	16331.956771	18185.221749	393.549205	23403.341467	23214.848393	22688.130218	17689.383356	435.382144	19195.419466	469.985882
16747.323198	27705.636731	18188.604209	15885.201436	16718.770324	20158.997006	19244.982416	18194.780018	23028.406750	17753.412808	17180.268988	21001.789774	18057.148564	22424.784739	414.899315	626.589073
18107.757759	16324.723971	18123.397720	16085.954189	28513.862000	16858.888166	16791.516133	19114.569269	30510.404203	27107.949482	14343.343884	466.872009	14740.357751	21342.981320	28594.387731	18537.334960
16032.791665	105148.834045	32166.107808	32396.494287	18730.932558	20920.846592	33305.499936	18173.224351	89183.305411	23317.039799	20043.433262	19230.110374	30623.316423	32592.858469	16409.208619	16131.155128
30391.525186	24491.875730	22166.392071	17943.593827	20393.169220	17316.575697	15321.155478	20836.478624	18368.228921	17099.741068	105146.369157	16309.193223	18618.188191	433.487577	438.251144	17174.265594
445.931518	19319.454122	436.786673	453.241975	19439.516643	1034.274112	436.235374	520.787062	23691.750635	19900.027688	18495.257360	19928.096535	31743.093297	22262.292291	105153.764168	677.392849
17740.501799	22266.022870	16391.319551	26527.807986	478.419784	18097.997584	16315.771020	681.483335	105151.299049	9127.250989	19901.370381	24058.837137	16754.732207	20813.721390	31355.721879	459.809222
20429.265644	31711.383076	468.381561	29269.614521	29474.500164	31062.097325	26379.398142	18364.669863	29331.677499	27196.238151	29506.246924	28606.832044	16972.515831	23793.936090	700.898877	17624.459530
16317.757878	477.078445	18518.382788	15998.831728	18087.179403	16454.711974	18433.557283	14561.985557	19147.451349	30457.733850	16663.345152	27780.364199	16930.819253	19417.053241	20385.227202	407.346690
19186.613061	21550.373825	31109.097880	29281.005027	16918.801132	17527.714368	17728.796598	572.060694	20131.609526	16192.957230	19982.308466	31739.108476	19176.040850	457.584573	33600.717948	24735.776435
18896.457405	16884.757317	15913.233160	18529.995351	19834.052670	443.043672	17467.076521	801.494988	17135.356002	18838.828140	16775.138323	16470.015156	14146.617907	21376.966295	462.055323	394.530316
