12/18/2023	2:45:28 PM

Pc[W]	Q0	Eacc[MV/m]	He_temp[K]
7.429	5763391152.377	19.268	1.483500
-0.001577	0.009906	0.006033	0.000173	-0.000348	-0.000883	0.001259	-0.002740	-0.000018	0.001523	0.001798	0.003083	0.002015	-0.000123	-0.001049	-0.000707
-0.000093	-0.000058	0.000652	-0.000238	-0.000152	-0.000374	-0.000237	-0.041378	0.000143	0.001418	0.003194	0.001090	0.003571	0.003107	-0.000757	-0.000815
0.081197	-0.000819	-0.000590	0.000432	0.000460	0.001766	0.000758	-0.000204	-0.002937	0.001086	-0.001317	0.002490	0.002448	-0.000030	-0.000695	-0.039535
0.001242	0.000921	-0.000025	0.000822	0.000324	0.000606	0.001257	0.002065	0.000935	0.001335	-0.022979	0.002213	0.001539	0.000348	0.001010	-0.000819
0.000224	-0.029728	-0.027653	0.000172	0.000547	0.000703	0.000137	0.003279	-0.066546	-0.002081	-0.000152	0.000634	0.046944	-0.000344	-0.000382	-0.000499
-0.000142	-0.000556	-0.000214	-0.015835	0.000067	0.035709	0.001046	-0.000280	0.000883	0.000465	0.014468	0.000376	0.001437	0.018890	-0.008959	-0.000399
0.000000	0.000335	-0.000383	0.000075	-0.000024	0.000375	0.000511	0.001127	0.000067	0.000395	0.000803	0.000788	-0.014597	-0.000604	-0.000990	-0.001130
0.000000	0.000551	0.001618	0.001090	0.001323	-0.000068	0.000203	-0.017715	0.000563	-0.000183	0.000514	0.000385	0.000152	-0.000335	-0.000961	-0.000766
0.018352	-0.000311	0.003439	0.000370	0.000922	0.001414	0.006944	0.049537	0.000351	0.000753	0.000499	-0.000360	-0.000353	-0.000410	-0.000710	-0.000862
-0.035991	-0.000368	-0.000455	0.023958	-0.000238	-0.012663	0.000614	0.004413	0.000348	-0.005699	0.000127	-0.000144	-0.000513	-0.000501	-0.000454	0.003067
-0.028800	-0.004183	-0.000013	0.001312	0.000374	0.000555	1.763558	0.026435	0.000699	-0.309019	-0.000858	0.000090	0.000712	-0.028800	-0.000409	-0.000324
-0.000268	-0.000586	0.009158	-0.000073	0.001711	-0.000398	0.000402	-0.002048	-0.004620	-0.017457	0.000180	-0.000165	0.000150	-0.000610	-0.000520	0.000908
-0.000689	0.000305	-0.000309	0.000142	-0.019330	-0.005546	0.000675	0.006378	0.014678	0.003027	-0.000004	0.000589	0.000911	-0.000447	0.000413	-0.000655
0.018555	-0.000003	0.001334	-0.000031	-0.000053	0.000334	0.000669	0.000595	-0.000159	0.000318	0.000961	0.000406	0.000269	-0.000391	-0.007293	0.016983
-0.000264	-0.000745	0.000097	0.000445	0.000415	-0.019640	-0.000024	0.009653	-0.000374	0.000554	0.000632	0.001093	0.000927	-0.000533	-0.000681	0.000000
0.000000	-0.028800	0.000000	-0.028800	-0.028800	-0.028800	-0.028800	0.000000	0.000000	0.018582	-0.000109	0.042014	0.006847	-0.000416	-0.000604	-0.000932
0.000673	-0.000421	0.000930	-0.105036	0.000122	0.000347	0.000197	0.019949	-0.000224	-0.000133	0.024830	-0.000494	-0.000291	-0.000651	-0.000858	-0.000621
-0.000504	-0.000865	0.001086	0.000495	-0.009107	0.012703	0.000561	0.000692	-0.000110	0.000481	0.001104	-0.000251	-0.001142	-0.000478	-0.001144	-0.022492
-0.000241	-0.000591	0.000060	0.000094	0.000540	-0.000507	-0.000361	-0.000715	-0.006117	0.000054	-0.000119	-0.000721	-0.001450	-0.000542	-0.000569	-0.028800
-0.000242	-0.000322	0.000232	0.000767	-0.000863	-0.000113	-0.000118	0.000000	-0.000134	0.000453	0.000447	0.000910	0.000057	-0.015657	-0.009659	-0.007323
-0.000545	-0.000361	-0.001074	-0.000045	0.000057	0.000176	-0.000368	-0.000684	0.000419	0.000027	-0.000186	0.000419	-0.000524	-0.000707	-0.001012	-0.000704
-0.000393	0.001457	-0.020868	0.000316	0.000466	0.000288	0.000155	-0.000325	0.010592	0.004974	-0.000316	0.000477	0.000545	-0.000882	0.002544	-0.006637
-0.000646	-0.010669	-0.000662	-0.007724	0.000283	-0.000301	0.000302	-0.005883	-0.000102	-0.005011	0.001036	0.001144	0.000910	-0.000607	-0.000291	-0.000848
0.000000	0.001628	-0.017740	-0.000919	-0.001160	0.000158	0.019483	-0.000866	-0.000826	-0.008067	0.000823	0.001489	0.001341	0.002499	0.001927	-0.007549
0.014588	-0.032854	-0.000762	-0.000588	0.000858	-0.004143	0.000628	-0.018092	0.007935	-0.000606	0.000966	0.001935	-0.000640	-0.000848	-0.013187	-0.007497
-0.000457	-0.000693	-0.001026	-0.019773	-0.021074	-0.001225	0.000042	-0.000716	0.000020	-0.000685	-0.000647	-0.000264	-0.000380	-0.021784	-0.000579	-0.011350
-0.000627	-0.001008	0.000278	0.001133	0.001084	0.001090	-0.000278	0.001425	0.001287	0.001835	0.002405	0.008336	0.001412	-0.000123	-0.008935	-0.011763
-0.000896	-0.000620	-0.000323	0.000405	-0.000236	0.000055	0.000123	-0.000753	0.001652	0.002932	0.005859	0.000663	0.179990	0.013677	0.001607	-0.000626
-0.000715	0.000000	-0.000918	-0.000789	-0.000774	-0.000497	-0.001059	-0.000653	-0.005307	-0.000497	-0.000159	-0.000364	-0.000979	0.000665	-0.000727	-0.000856
-0.001206	-0.001005	-0.000460	-0.000268	-0.000641	0.000949	0.000033	-0.000481	0.000660	0.002844	-0.028800	0.015529	-0.000261	-0.000858	-0.004233	-0.000461
0.012566	-0.000215	0.021818	-0.010246	-0.000770	-0.031443	-0.004911	-0.003213	0.000005	-0.000608	-0.000485	-0.000255	0.050224	0.005108	0.000000	0.010500
-0.000715	-0.000662	-0.000134	-0.000574	0.011641	-0.000474	0.000470	-0.005556	0.000000	-0.004733	0.002603	0.006685	0.006362	0.000998	-0.000642	-0.019918
-0.000291	0.000142	0.000072	-0.000749	-0.000178	-0.000031	0.000554	0.000049	0.000757	0.002754	0.006221	0.005079	0.000484	-0.000643	-0.029960	-0.000869
-0.000472	-0.001792	0.001313	0.000195	0.000085	0.001494	0.000381	0.000735	-0.000201	0.001776	0.004905	0.003607	0.001446	0.000740	-0.000810	0.001829
-0.000581	-0.000700	0.000470	0.000292	0.000637	0.000374	-0.000543	0.002860	0.000371	0.002163	0.000626	-0.000734	-0.000442	0.016269	-0.000808	-0.000723
-0.000483	-0.000476	0.000132	-0.000159	-0.000074	-0.006856	0.000838	0.005192	0.001391	0.006536	0.004967	0.002542	0.002224	-0.000527	0.018873	0.012294
