12/18/2023	2:35:01 PM

Pc[W]	Q0	Eacc[MV/m]	He_temp[K]
0.369	31157214794.839	9.988	1.459400
0.000182	-0.007025	-0.005125	0.000515	0.000178	-0.000154	0.001107	-0.004702	0.000358	0.001087	0.001314	0.001987	0.001489	0.000255	-0.000181	-0.000118
0.000057	0.000444	0.000759	0.000076	0.000297	0.000262	0.000167	0.004501	0.000364	0.001028	-0.000431	0.000909	0.002438	0.002549	-0.000116	-0.000009
0.024372	-0.000105	-0.000087	0.000598	0.000345	0.001423	0.000687	0.000081	-0.006033	0.000838	-0.016859	0.001728	0.001865	0.000475	0.000089	-0.007701
0.001335	0.011351	0.000174	0.000919	0.000419	0.000750	0.001061	0.001448	0.000782	0.001076	0.012379	0.001562	0.001241	0.000742	0.001270	-0.000061
0.000736	0.009589	-0.002417	0.000175	0.000726	0.000656	0.000236	0.015620	-0.066983	-0.001640	0.000333	0.000769	0.036221	0.000292	0.000045	-0.000086
-0.000012	-0.000088	-0.000025	0.005419	0.000091	0.010437	0.000796	0.000001	0.000779	0.000652	0.010091	0.000474	0.001197	0.034939	-0.001778	0.000226
0.000000	0.000336	0.000156	0.000290	0.000280	0.000478	0.000521	0.000861	0.000387	0.000441	0.000800	0.000951	-0.018965	-0.000098	-0.000055	-0.000132
0.000000	0.000474	0.001532	0.000678	0.001115	0.000034	0.000472	-0.006797	0.000470	-0.000024	0.000605	0.000666	0.000349	-0.000119	-0.000190	-0.000196
-0.014529	0.000002	0.003327	0.000497	0.000705	0.001012	0.013436	0.033642	0.000473	0.000625	0.000566	-0.000010	-0.000078	-0.000082	-0.000133	-0.000183
-0.026078	-0.000147	0.000086	0.003104	0.000198	0.034410	0.000655	0.001315	0.000385	-0.027687	0.000238	0.000042	-0.000019	-0.000116	-0.000097	0.006394
-0.004700	-0.019466	0.000105	0.001122	0.000486	0.000449	-0.004704	0.001352	0.000575	-0.240383	0.000210	0.000250	0.000689	-0.004700	0.000002	-0.000116
0.000261	-0.000037	0.003735	0.000375	0.001210	0.000247	0.000527	-0.014553	-0.012776	-0.047390	0.000431	0.000019	0.000427	-0.000070	-0.000103	-0.012153
-0.000194	0.000478	-0.000009	0.000265	-0.002857	-0.002741	0.000437	0.003231	0.032471	0.002874	0.000333	0.000483	0.000915	-0.000055	0.000725	-0.000084
-0.009540	0.013074	0.001595	0.000160	0.000339	0.000202	0.000545	0.000541	0.000082	0.000477	0.000803	0.000589	0.000470	0.000105	0.014625	0.024746
0.000298	-0.000052	0.000181	0.000533	0.000644	-0.009225	0.000226	0.003322	0.000083	0.000447	0.000804	0.000947	0.000958	-0.000043	0.000023	0.000000
0.000000	-0.004700	0.000000	-0.004700	-0.004700	-0.004700	-0.004700	0.000000	0.000000	0.023723	0.000075	0.027048	0.012394	0.000245	0.000014	-0.000221
0.000773	0.000038	0.000861	-0.101257	0.000375	0.000383	0.000341	-0.001750	0.000172	0.000339	0.026117	0.000073	0.000248	0.000029	-0.000062	-0.000140
-0.000002	-0.000093	0.000929	0.000550	-0.043377	0.007970	0.001521	0.000675	0.000140	0.000583	0.000887	0.000229	-0.000142	0.000021	-0.000209	-0.015200
-0.000007	-0.000134	0.000254	0.000323	0.000829	0.000058	0.000188	-0.000038	0.001889	0.000292	0.000458	-0.000084	-0.000103	0.000117	-0.000006	-0.004700
-0.000029	0.000188	0.000479	0.000625	-0.000075	0.000343	0.000193	0.000000	0.000281	0.000524	0.000809	0.000949	0.000425	-0.006868	-0.006681	0.003808
-0.000124	-0.000026	-0.000211	0.000291	0.000433	0.000489	0.000127	-0.000142	0.000460	0.000323	0.000316	0.000587	0.000127	-0.000085	-0.000118	-0.000130
-0.000012	0.001472	-0.033929	0.000474	0.000589	0.000535	0.000489	0.000030	-0.004702	0.010066	0.000299	0.000876	0.000892	-0.000108	0.002383	-0.001971
-0.000109	-0.012396	-0.000048	-0.004701	0.000658	0.000258	0.000556	-0.012780	0.000298	-0.002151	0.023391	0.001004	0.000972	0.000132	0.000452	-0.000126
0.000000	-0.007461	-0.015032	-0.000203	-0.000107	0.000450	0.025466	-0.000138	0.000049	-0.024791	0.000971	0.001171	0.001119	0.002118	0.001968	0.014584
0.004058	-0.037757	-0.000153	-0.000052	0.000469	-0.001443	0.000871	-0.022483	-0.009370	-0.000044	0.000798	0.000865	-0.000063	-0.000005	-0.005768	-0.002701
-0.000145	-0.000085	-0.000151	-0.010289	0.011878	-0.000178	0.000471	-0.000143	-0.003106	-0.000145	-0.000018	0.000197	0.000106	-0.014593	-0.000038	-0.008881
-0.000033	-0.000143	0.000646	0.001022	0.001111	0.001039	0.000305	0.001353	0.001103	0.001117	0.000911	0.001691	0.000313	0.000001	-0.008116	0.008981
-0.000129	-0.000122	0.000240	0.000707	0.000493	0.000419	0.000457	-0.000022	0.001291	0.000908	0.001026	0.010574	0.002221	0.001118	0.000143	-0.000140
-0.000071	0.000000	-0.000104	-0.000066	-0.000084	0.000094	-0.000071	-0.000165	0.001658	-0.000115	-0.000080	-0.000095	-0.000203	-0.000199	-0.000081	-0.000099
-0.000185	-0.000193	0.000255	0.000173	-0.000624	0.000864	0.000435	0.000051	0.000099	0.000023	-0.004700	-0.000185	-0.000156	-0.004164	-0.010473	-0.000075
-0.007271	0.000286	-0.000105	0.011244	0.000001	-0.004629	-0.020414	-0.009629	0.000037	-0.000081	-0.000071	-0.000039	0.000350	-0.000041	0.000000	0.013524
-0.000057	-0.000067	0.000236	0.000060	0.011546	0.000145	0.000565	-0.010116	0.000000	-0.002752	-0.000179	0.000346	-0.000012	-0.000054	-0.000177	-0.020020
-0.000066	0.000749	-0.003829	0.000040	0.000467	0.000428	0.000783	0.000469	0.000760	0.001247	0.001687	0.001200	0.000113	-0.000134	-0.005956	-0.000167
-0.000066	0.005592	0.001241	0.000389	0.000293	0.001215	0.000568	0.000779	0.000134	0.001126	0.002042	0.001548	0.000627	0.000107	-0.000133	-0.027893
-0.000169	-0.000117	0.000942	0.000803	0.000669	0.000553	-0.000063	-0.001025	0.000525	0.001422	0.000583	0.000022	0.000024	-0.000967	-0.000133	-0.000081
-0.000104	-0.000035	0.000405	0.000205	0.000326	0.015301	0.000861	0.001746	0.001214	0.004662	0.004590	0.002583	0.001351	0.000178	0.017801	0.021140
