12/18/2023	2:36:27 PM

Pc[W]	Q0	Eacc[MV/m]	He_temp[K]
0.518	32202727014.996	12.030	1.460300
40134.184088	405.265486	474.919978	18119.232544	22512.981814	21240.932025	17151.271932	484.877311	22261.742628	18636.428913	17281.536392	19179.319665	20220.172911	17637.214476	32635.074134	20469.369287
19440.962166	31347.382831	16942.635277	16361.008786	21488.426409	31180.290240	24172.785271	445.256208	16854.308428	15575.311525	20401.195486	17173.413312	18675.439550	31834.992172	16829.033476	16697.394214
443.289207	30977.247711	36631.324038	17630.284475	14690.487260	17524.550986	15059.676773	17948.910992	484.315831	17321.587550	590.731401	17810.528472	20085.894789	17307.459148	26067.805015	44170.457972
16597.164673	436.059291	16400.780893	23387.602484	21382.020605	28633.341326	15805.890800	16964.135867	17662.681503	16505.100216	484.578477	17454.644748	18490.319699	17056.296208	19672.153198	26048.793540
30933.294886	108.669360	461.418660	14510.864295	29099.093015	17393.460455	19342.805485	416.566574	20208.424580	406.407603	30509.994581	32306.576517	437.894016	28953.927612	14052.602445	18402.939597
22097.122517	20048.608648	19100.913990	409.776951	20155.285481	409.064537	18402.829095	18993.115815	21052.412982	20963.989391	467.092298	16806.447361	16539.951205	447.893177	33590.295615	16926.026781
105133.434522	21668.803504	29739.883976	18372.255727	24832.405008	18714.820206	15859.448975	22042.399874	29761.069083	17533.355652	17389.375744	32081.822444	483.031492	18444.415725	29813.979219	25831.689617
105140.827583	27371.013193	28866.778947	16049.526963	17490.367202	16013.521795	30088.466421	476.257072	19206.303698	17765.654332	17541.016308	28849.555196	16751.622219	17937.158396	24779.876744	17163.313152
439.979608	17353.017807	25318.159843	16805.536480	17068.249276	17714.702326	491.076601	564.406397	17439.186335	28949.324461	18464.538840	19170.079083	18047.406224	21006.883325	18509.219037	26079.596945
449.884094	18001.510045	29018.030497	487.271966	37804.289777	450.299911	32769.293080	527.154947	22031.107616	468.408678	16873.715404	14591.284647	16524.696617	18354.214147	19884.332388	466.326640
105135.898760	688.421788	18626.107205	26200.456655	18148.634890	19804.548635	104587.262118	465.269164	17799.842933	99494.135584	29304.523740	17754.805208	17589.348462	105143.292167	15430.492523	17106.350294
28179.103085	29452.137942	415.103209	30846.108305	15427.206616	31734.074042	30737.651222	471.963291	439.037609	461.370887	26083.306514	20163.431460	19425.744120	23361.277968	16988.815280	426.844348
20333.228356	18113.371764	18923.073346	17366.506271	31452.716250	31638.638459	19053.905719	424.146737	372.319653	547.516212	22368.886414	17496.615392	15576.343162	15321.472082	14152.401789	27066.778842
488.383633	539.830412	18555.036571	18178.315912	33385.385915	18182.853634	15310.375358	19095.780032	17065.036457	16702.037338	25455.838006	16532.383890	17119.987733	16330.403864	544.673030	427.446020
29798.306948	32558.659676	17609.207675	17423.747208	29434.810570	472.856699	23478.635630	398.579293	22871.847846	19416.282577	31581.530296	17931.864062	17297.026303	17074.824235	17969.886956	105140.827583
105140.827583	105135.898760	105133.434522	105143.292167	105150.686615	105145.756868	105150.686615	105140.827583	105140.827583	575.863920	17551.635222	454.124449	478.001546	19941.448250	18965.023090	25394.322589
17161.858195	17554.774100	17270.642409	9033.776443	16065.670223	18269.418723	19644.477672	509.698443	20074.702679	23302.173231	387.108809	20125.650100	15654.937420	16016.842534	18187.701504	21321.936602
20501.218439	35037.640208	19376.278566	18906.146336	468.076822	1019.340568	29144.478202	17655.651174	20461.026521	17790.312824	35591.040894	31050.034982	30520.490015	14634.221890	21313.932984	594.731830
19560.111878	17809.513827	17767.735652	16828.707841	31964.316905	33772.023300	20538.050161	20232.928624	484.309842	20310.776748	34232.646172	19500.284473	25645.175719	17194.163288	15363.105094	105156.249454
18251.648872	19378.525303	17144.747114	18525.232888	30547.595671	23815.913884	17193.924649	105143.924434	18495.618591	19997.232496	29963.437198	23265.287408	21121.636366	406.063281	424.272755	438.029171
21205.511553	16537.550080	32421.923657	17433.173317	18307.832156	17719.815799	18152.236548	17419.165711	15685.387648	14883.449810	16321.309185	17232.720474	19093.234664	16789.709692	31445.049580	18569.441653
16563.580375	16325.498896	404.510693	16993.140577	17309.373176	18119.684031	22889.487227	18564.285292	468.862948	474.912550	31559.554061	31947.230534	23228.901499	18237.207966	14412.247177	413.414259
21656.556664	463.765850	18765.632381	436.235457	17614.319573	21490.732343	19672.637231	414.996659	20168.046903	457.413494	491.002583	17081.779278	23081.585325	23928.466975	22000.826263	20412.273793
105153.784219	641.457865	447.155837	22132.180684	30480.915252	23470.490083	500.869162	16858.752134	28339.682361	422.026653	29915.925546	15286.817791	25845.153081	16362.862147	31731.932157	444.948126
453.295194	436.936950	17982.924682	19019.326620	18461.958674	436.696302	19071.446109	493.993737	449.653250	17374.164461	18313.519254	16095.046796	19137.570753	17985.469327	436.826015	463.542800
15116.514942	18767.273116	22750.279772	448.477551	450.284483	30789.040302	16657.411992	18411.851767	393.789934	23730.322466	23602.661746	23114.413355	17957.536721	441.478219	19442.242449	471.429861
16955.297579	28069.612130	18576.638820	16327.935234	17222.861029	20807.938568	19598.689586	18793.352411	23793.726415	18403.075592	17776.755805	22012.696254	18426.415207	22756.596701	418.588814	625.867349
18324.875781	16519.223849	18439.087527	16476.554879	29292.577532	17216.685244	17174.738138	19356.149991	31742.439075	28360.756125	14955.068930	470.882338	15446.163176	21982.459015	29071.532571	18765.922369
16211.288162	105148.854096	32626.395079	32867.107463	18960.525516	21286.725112	33884.668109	18394.934849	89581.877988	23628.370588	20305.984582	19470.057432	31025.427620	33020.898897	16614.173574	16315.410337
30793.051092	24809.040407	22554.090193	18269.618587	20650.919733	17857.421576	15663.175908	21204.067551	18746.299991	17459.378568	105146.389207	16508.217222	18844.727456	428.674695	436.005019	17391.103256
447.455744	19623.403945	439.594385	450.273928	19681.114543	1034.595189	437.920074	519.583864	24143.762830	20161.239792	18726.374553	20181.497246	32289.883003	22552.919765	105153.784219	679.638923
17950.134532	22545.506844	16655.246126	26930.489073	475.451811	18426.421333	16770.850919	683.970338	105151.319100	9392.983743	20358.927172	24630.048253	16998.271590	21101.274029	31769.031249	456.841245
20689.188195	32401.265442	471.750725	29762.617693	30373.029260	31999.372336	27390.840524	18836.103668	30343.979613	28476.594947	31372.440425	29933.213339	17268.282896	24108.957023	701.139642	17844.506083
16511.171150	479.324744	18999.235734	16316.440215	18450.874331	17007.080881	18897.632974	14951.856956	19472.001951	31803.640013	17625.425564	29141.398590	17366.445688	19725.582744	20632.228237	411.919191
19400.237343	21826.080928	31959.476698	30105.694700	17350.146077	17912.372142	17937.602597	571.098278	20570.776268	16802.456777	20523.129641	32336.349070	19453.210809	455.579117	34069.873395	25028.737609
19132.119488	17090.359311	16175.005966	18852.788669	20217.017378	442.803103	17921.937360	806.308444	17630.097622	19138.292625	17526.616025	16956.712394	14634.288682	21710.837915	461.333449	398.381033
