12/18/2023	2:41:16 PM

Pc[W]	Q0	Eacc[MV/m]	He_temp[K]
3.229	11435443863.241	17.895	1.467300
0.002026	0.026719	0.010271	0.007098	0.003337	-0.000278	0.013956	-0.009391	0.005510	0.016995	0.018824	0.024436	0.016768	0.002732	-0.000450	-0.000389
0.000121	0.002899	0.006742	0.000766	0.004268	0.004724	0.004178	-0.001844	0.005608	0.014285	0.014786	0.010925	0.024409	0.020542	-0.000448	-0.000476
0.019718	-0.000454	-0.000128	0.007695	0.004773	0.015470	0.009331	0.000062	-0.000023	0.012599	0.000281	0.020677	0.016117	0.003854	0.000637	0.038356
0.005174	0.004543	0.002366	0.009675	0.007209	0.011172	0.014210	0.018362	0.011962	0.014859	0.019413	0.018947	0.012078	0.004482	0.005916	-0.000491
0.003126	0.016787	0.007602	0.002519	0.009000	0.007989	0.002928	0.040591	-0.053331	0.031346	0.005267	0.009883	0.045276	0.002243	0.000719	-0.000410
-0.000022	-0.000385	0.000028	-0.016485	0.001840	0.030474	0.009793	0.000580	0.010283	0.003962	-0.002490	0.005614	0.011381	0.033745	-0.002368	-0.000072
0.000000	0.002131	0.001977	0.003919	0.005156	0.005703	0.005207	0.010306	0.005627	0.005898	0.008110	0.010996	-0.020610	-0.000139	-0.000237	-0.000585
0.000000	0.002657	0.011471	0.008860	0.013832	0.001072	0.010129	-0.009967	0.006600	0.000274	0.006209	0.007760	0.003197	-0.000345	-0.000510	-0.000530
-0.008805	-0.000169	0.010023	0.004786	0.008706	0.012652	0.005074	0.012280	0.006623	0.008582	0.006990	0.000242	-0.000351	-0.000325	-0.000462	-0.000540
-0.000616	-0.000289	0.000694	0.024204	0.002690	0.044161	0.007396	0.027332	0.004554	-0.010924	0.003423	0.000499	0.000009	-0.000305	-0.000316	0.019269
-0.012600	0.008974	0.000398	0.010375	0.005223	0.005158	1.388829	0.025538	0.009084	-0.366826	0.005969	0.004289	0.005435	-0.012600	-0.000112	-0.000342
0.001094	0.000016	0.002966	0.003661	0.010534	0.003771	0.007414	0.001099	-0.012593	-0.025677	0.007499	0.001314	0.003892	0.000233	-0.000241	0.006189
-0.000280	0.002537	0.000009	0.002222	-0.007466	0.000377	0.007386	0.004507	0.020258	0.014527	0.005196	0.006837	0.007579	-0.000110	0.002739	-0.000383
-0.017432	0.020659	0.001810	0.001293	0.004221	0.003511	0.006334	0.007202	0.002126	0.008123	0.011180	0.006048	0.005035	0.001256	0.026534	0.037860
0.001083	-0.000356	0.001674	0.004622	0.007004	-0.017118	0.004382	-0.009932	0.001998	0.011511	0.012158	0.011587	0.009280	-0.000136	-0.000421	0.000000
0.000000	-0.012600	0.000000	-0.012600	-0.012600	-0.012600	-0.012600	0.000000	0.000000	-0.006444	0.002391	0.030703	0.026462	0.001275	0.000040	-0.000590
0.003215	0.000016	0.008028	-0.105618	0.006686	0.008364	0.005482	-0.001997	0.003955	0.007098	0.009101	0.000697	0.002293	-0.000014	-0.000260	-0.000439
-0.000062	-0.000302	0.008816	0.006397	-0.035676	0.024132	0.002487	0.010881	0.003352	0.008217	0.012059	0.003644	-0.000434	-0.000224	-0.000607	0.000585
-0.000248	-0.000210	0.002633	0.004462	0.010900	0.001762	0.003843	0.000845	0.001993	0.006741	0.007983	-0.000367	0.001014	0.001121	-0.000272	-0.012600
-0.000123	0.001426	0.004668	0.007560	0.001154	0.006160	0.007385	0.000000	0.006024	0.012244	0.010107	0.011033	0.004397	-0.000007	-0.007616	0.003450
-0.000352	-0.000270	-0.000601	0.004542	0.006843	0.007128	0.002126	-0.000316	0.010610	0.009162	0.005891	0.008933	0.002506	-0.000123	-0.000390	-0.000432
-0.000313	0.008281	-0.017302	0.006983	0.010092	0.010298	0.009463	0.001721	-0.005191	0.009427	0.005980	0.012253	0.009243	-0.000158	0.010935	0.002284
-0.000408	0.002068	-0.000293	-0.011653	0.005787	0.004236	0.008205	-0.007790	0.004799	-0.008507	-0.010505	0.012123	0.009912	0.000947	0.002387	-0.000490
0.000000	-0.020289	-0.010278	-0.000526	0.000510	0.006971	0.012085	-0.000504	0.005465	-0.015077	0.013931	0.016095	0.012223	0.013718	0.009283	-0.009260
0.001081	-0.031558	-0.000450	-0.000211	0.007341	0.007718	0.012415	-0.016737	0.023594	0.002228	0.011926	0.011822	0.000485	-0.000299	0.004103	-0.005565
-0.000308	-0.000487	-0.000519	-0.008658	-0.020734	-0.000253	0.005391	-0.000469	0.000831	0.000186	0.001900	0.003488	0.002026	-0.020518	-0.000289	-0.021846
-0.000308	-0.000534	0.006893	0.011167	0.012575	0.013003	0.004446	0.014556	0.013680	0.016169	0.015886	0.022349	0.005036	0.000957	-0.015522	0.008291
-0.000514	-0.000301	0.003809	0.008653	0.009167	0.006846	0.007809	-0.000406	0.016365	0.020059	0.021060	-0.004303	0.024910	0.010669	0.001680	-0.000337
-0.000418	0.000000	0.000205	-0.000092	-0.000106	0.003054	0.002305	-0.000509	0.002496	-0.000302	-0.000192	-0.000391	-0.000633	-0.000607	-0.000400	-0.000416
-0.000630	-0.000526	0.002941	0.003923	-0.000884	0.013052	0.007370	0.002959	0.005596	0.005691	-0.012600	-0.000353	-0.000426	0.018140	-0.002869	-0.000438
-0.000648	0.001869	0.020753	-0.016653	-0.000280	-0.013126	-0.012045	-0.018992	0.003544	-0.000025	-0.000373	-0.000221	0.005364	-0.000437	0.000000	-0.008885
-0.000494	-0.000374	0.002968	0.001556	0.003198	0.004036	0.010689	-0.004791	0.000000	0.003829	0.004454	0.006798	0.001781	0.000217	-0.000576	-0.004567
-0.000156	0.006515	-0.011285	0.002138	0.011952	0.012196	0.017850	0.010177	0.014797	0.023365	0.032551	0.021047	0.003531	-0.000372	-0.012632	-0.000489
-0.000223	-0.000410	0.010709	0.005987	0.006105	0.015705	0.009433	0.011118	0.002842	0.020137	0.031656	0.022494	0.009391	0.002675	-0.000303	-0.004672
-0.000439	-0.000353	0.009417	0.009750	0.009359	0.007281	-0.000213	0.001814	0.006146	0.017706	0.009029	0.003086	0.001201	-0.000899	-0.000316	-0.000488
-0.000352	0.000016	0.003890	0.004036	0.005343	0.026535	0.009658	0.018871	0.012373	0.006842	0.026012	0.013514	0.016458	0.001653	0.016943	0.005459
