12/18/2023	2:38:46 PM

Pc[W]	Q0	Eacc[MV/m]	He_temp[K]
1.767	17779807237.122	16.505	1.462900
0.001588	-0.001188	0.006810	0.003576	0.001679	-0.000181	0.008189	-0.016361	0.003178	0.009793	0.011401	0.015457	0.010941	0.001828	-0.000382	-0.000273
0.000072	0.001940	0.003840	0.000338	0.002259	0.002495	0.002193	-0.005143	0.003133	0.008423	0.008636	0.006792	0.015895	0.014038	-0.000336	-0.000214
0.018188	-0.000350	-0.000137	0.003906	0.002526	0.008853	0.005309	0.000024	0.001658	0.007257	-0.038163	0.012644	0.010641	0.002556	0.000518	0.040917
0.003979	0.013289	0.001525	0.005584	0.003779	0.006130	0.008091	0.010696	0.006763	0.008353	0.006421	0.011495	0.007661	0.003074	0.004601	-0.000297
0.002423	0.151638	-0.017844	0.001427	0.005313	0.004636	0.001606	0.023314	-0.059380	-0.010639	0.003114	0.006123	0.056544	0.001614	0.000414	-0.000279
-0.000068	-0.000279	-0.000083	0.004764	0.000868	0.026931	0.005601	0.000311	0.005613	0.002346	-0.002325	0.003232	0.007139	0.047635	-0.001684	0.000100
0.000000	0.001329	0.001085	0.002085	0.002599	0.003013	0.002956	0.005952	0.003156	0.003242	0.004687	0.006495	-0.005642	-0.000173	-0.000293	-0.000391
0.000000	0.001773	0.007402	0.004947	0.007354	0.000430	0.004872	0.010884	0.003537	0.000160	0.003599	0.004547	0.002022	-0.000269	-0.000358	-0.000428
0.011971	-0.000184	0.007055	0.002799	0.004692	0.006799	0.015606	0.024541	0.003476	0.004604	0.003782	0.000086	-0.000194	-0.000168	-0.000314	-0.000386
-0.028068	-0.000302	0.000363	0.015968	0.001425	0.033406	0.004238	0.030380	0.002603	0.003550	0.002056	0.000206	-0.000055	-0.000224	-0.000273	-0.007279
-0.008200	0.000271	0.000200	0.006229	0.002720	0.002716	-0.002377	-0.011206	0.004695	-0.256569	0.002951	0.002421	0.003400	-0.008200	-0.000076	-0.000287
0.000816	-0.000020	0.006885	0.002131	0.006291	0.001864	0.004246	-0.004122	0.001055	-0.021281	0.003932	0.000661	0.002263	0.000082	-0.000163	-0.004186
-0.000216	0.001786	-0.000010	0.001158	-0.005312	-0.002110	0.003876	0.022858	0.027050	0.019964	0.002718	0.003592	0.004510	-0.000176	0.002131	-0.000223
-0.001104	0.007943	0.001640	0.000641	0.002351	0.001790	0.003492	0.003862	0.000984	0.003878	0.005868	0.003269	0.003005	0.000731	0.023392	0.020746
0.000827	-0.000249	0.001046	0.002679	0.004074	-0.004054	0.002134	0.006328	0.000864	0.005192	0.006311	0.006058	0.005309	-0.000051	-0.000200	0.000000
0.000000	-0.008200	0.000000	-0.008200	-0.008200	-0.008200	-0.008200	0.000000	0.000000	-0.016215	0.001142	0.015173	0.016722	0.000859	0.000004	-0.000413
0.002465	0.000016	0.004759	-0.098291	0.003150	0.003936	0.002767	-0.013646	0.001910	0.003303	0.032463	0.000295	0.001277	-0.000057	-0.000210	-0.000309
0.000057	-0.000183	0.005100	0.003329	-0.035704	0.015448	0.002288	0.005375	0.001520	0.004474	0.006378	0.001836	-0.000330	-0.000206	-0.000408	-0.012995
-0.000192	-0.000171	0.001385	0.002323	0.005927	0.000841	0.001815	0.000386	0.016294	0.003132	0.004166	-0.000274	0.000497	0.000676	-0.000277	-0.008200
-0.000188	0.000981	0.002529	0.004068	0.000468	0.003029	0.003340	0.000000	0.002777	0.005801	0.005768	0.006431	0.002512	-0.014676	0.020740	-0.007669
-0.000249	-0.000237	-0.000394	0.002225	0.003556	0.003687	0.001141	-0.000238	0.005071	0.004332	0.003036	0.004741	0.001448	-0.000122	-0.000216	-0.000335
-0.000248	0.005548	-0.001332	0.003652	0.005004	0.004831	0.004400	0.000808	0.004535	0.012366	0.003206	0.006810	0.005449	-0.000158	0.008412	0.003345
-0.000296	0.008442	-0.000183	0.002719	0.002998	0.002231	0.004363	-0.004358	0.002524	-0.003087	0.004431	0.007296	0.006175	0.000628	0.001876	-0.000317
0.000000	0.003497	-0.016244	-0.000426	0.000134	0.003446	0.019221	-0.000332	0.002343	0.005379	0.008079	0.009279	0.007600	0.009468	0.006976	0.008646
-0.007714	-0.031697	-0.000341	-0.000163	0.003640	-0.009126	0.006601	-0.016918	0.010224	0.001047	0.006690	0.007190	0.000295	-0.000140	-0.008198	-0.009694
-0.000293	-0.000306	-0.000372	-0.012670	-0.018863	-0.000235	0.003197	-0.000276	-0.009789	0.000007	0.001066	0.002065	0.001202	-0.014150	-0.000227	-0.011914
-0.000255	-0.000372	0.003892	0.006200	0.006906	0.007229	0.002438	0.008748	0.007973	0.008905	0.009053	0.013519	0.003096	0.000653	0.004643	0.012685
-0.000390	-0.000239	0.002058	0.004409	0.004421	0.003451	0.004005	-0.000281	0.009623	0.010513	0.011650	0.003344	0.016158	0.007236	0.001149	-0.000230
-0.000281	0.000000	0.000030	-0.000126	-0.000107	0.001530	0.000716	-0.000305	0.002089	-0.000252	-0.000200	-0.000295	-0.000456	-0.000422	-0.000351	-0.000301
-0.000444	-0.000395	0.001531	0.001778	-0.000767	0.006839	0.003790	0.001280	0.002564	0.002839	-0.008200	-0.000256	-0.000324	0.020857	0.000060	-0.000303
-0.010254	0.001079	-0.003089	0.012442	-0.000296	-0.007776	-0.013107	-0.006713	0.001764	-0.000113	-0.000226	-0.000139	0.002787	-0.000305	0.000000	-0.008197
-0.000253	-0.000243	0.001563	0.000756	0.016326	0.001758	0.005589	-0.010135	0.000000	-0.003341	0.001592	0.003784	0.000898	0.000126	-0.000447	-0.006096
-0.000150	0.003184	0.002777	0.000888	0.005100	0.005102	0.008051	0.004431	0.007194	0.011849	0.016893	0.011888	0.001800	-0.000276	-0.009243	-0.000384
-0.000129	0.005879	0.006319	0.003090	0.002987	0.008821	0.004972	0.006102	0.001520	0.011118	0.018194	0.013398	0.005776	0.001420	-0.000252	-0.006621
-0.000355	-0.000294	0.005234	0.005263	0.004867	0.004107	-0.000136	0.005378	0.003780	0.010937	0.005565	0.001581	0.000566	0.003075	-0.000250	-0.000322
-0.000307	-0.000044	0.002126	0.001907	0.002438	0.003636	0.005863	0.021310	0.008072	0.005612	0.017006	0.009297	0.010633	0.001118	-0.000472	0.013183
