12/18/2023	2:45:21 PM

Pc[W]	Q0	Eacc[MV/m]	He_temp[K]
9.200	2470917464.373	14.040	1.483000
-0.001160	-0.021289	0.008322	0.003223	0.001193	-0.000568	0.006836	-0.014466	0.002464	0.008577	0.009888	0.012932	0.008995	0.001156	-0.000943	-0.000397
0.000005	0.000917	0.003215	-0.000032	0.001695	0.001674	0.001597	-0.000846	0.002482	0.007437	0.008453	0.005447	0.013498	0.010738	-0.000666	-0.000592
0.022611	-0.000753	-0.000558	0.003959	0.002256	0.007840	0.004635	-0.000182	0.009242	0.006455	-0.009622	0.011176	0.008364	0.001724	-0.000168	-0.027903
0.002571	-0.012246	0.000989	0.004624	0.003435	0.005389	0.007138	0.009510	0.006006	0.008011	0.030219	0.010129	0.006248	0.002039	0.002565	-0.000663
0.001086	0.020253	-0.034552	0.001046	0.004381	0.003949	0.001380	0.021427	-0.060719	0.030594	0.002248	0.004904	0.075863	0.000527	0.000158	-0.000630
-0.000008	-0.000473	-0.000087	-0.001524	0.000837	0.020497	0.005188	0.000068	0.005480	0.001975	0.007833	0.002867	0.006062	0.043197	-0.008766	-0.000418
0.000000	0.000965	0.000630	0.001818	0.002422	0.003038	0.002630	0.005495	0.002562	0.003027	0.004343	0.005319	0.002699	-0.000518	-0.000883	-0.001033
0.000000	0.001377	0.005951	0.004601	0.007881	0.000337	0.005138	-0.003842	0.003352	0.000158	0.003056	0.004042	0.001372	-0.000386	-0.000862	-0.000807
0.017319	-0.000164	0.006235	0.002473	0.004635	0.006825	0.031368	0.010046	0.003286	0.004252	0.003497	-0.000140	-0.000450	-0.000331	-0.000756	-0.000798
-0.029846	-0.000302	0.000030	-0.001623	0.001015	0.029989	0.003777	0.039046	0.002215	-0.015987	0.001618	0.000214	-0.000215	-0.000601	-0.000324	0.013676
-0.028300	0.012210	0.000172	0.005588	0.002730	0.002786	0.281076	0.012480	0.004662	-0.266472	0.000751	0.002129	0.002816	-0.028300	-0.000194	-0.000450
0.000328	-0.000460	0.004716	0.001495	0.005666	0.001505	0.003462	-0.006244	-0.000767	-0.033658	0.003640	0.000475	0.001701	-0.000278	-0.000530	0.008795
-0.000519	0.001175	-0.000157	0.000897	-0.018275	-0.006457	0.003821	0.005697	0.029015	-0.000136	0.002262	0.003397	0.003983	-0.000397	0.001369	-0.000532
-0.015839	0.033508	0.001382	0.000636	0.001789	0.001727	0.003239	0.003427	0.000908	0.004053	0.005691	0.003042	0.002219	0.000241	0.013952	0.016447
0.000288	-0.000698	0.000949	0.002204	0.003271	-0.005561	0.001935	0.018157	0.000739	0.005700	0.005929	0.005823	0.004576	-0.000371	-0.000674	0.000000
0.000000	-0.028300	0.000000	-0.028300	-0.028300	-0.028300	-0.028300	0.000000	0.000000	0.064183	0.001021	0.033636	0.025104	0.000089	-0.000361	-0.000860
0.001628	-0.000267	0.003853	-0.105682	0.003177	0.004126	0.002727	-0.017274	0.001739	0.003237	0.013530	0.000048	0.000698	-0.000393	-0.000791	-0.000632
-0.000276	-0.000742	0.004509	0.003042	-0.023687	0.022837	0.001684	0.005422	0.001389	0.003965	0.006323	0.001404	-0.000956	-0.000573	-0.001046	-0.000603
-0.000217	-0.000566	0.001107	0.002059	0.005177	0.000424	0.001523	-0.000159	-0.004260	0.003157	0.003477	-0.000667	-0.001125	-0.000046	-0.000496	-0.028300
-0.000147	0.000304	0.002087	0.003907	-0.000075	0.002760	0.003448	0.000000	0.002698	0.006000	0.004796	0.005482	0.001899	-0.008497	0.000639	-0.013337
-0.000558	-0.000407	-0.001015	0.001972	0.003242	0.003488	0.000599	-0.000599	0.005182	0.004538	0.002533	0.004468	0.000732	-0.000508	-0.000915	-0.000549
-0.000315	0.004696	-0.011260	0.003444	0.005162	0.005054	0.004588	0.000490	0.003930	0.006954	0.002559	0.006355	0.004864	-0.000705	0.005520	-0.008949
-0.000549	0.027015	-0.000614	-0.012568	0.002987	0.001702	0.004013	0.013271	0.002163	-0.000303	-0.005830	0.006340	0.005123	-0.000075	0.000783	-0.000720
0.000000	-0.002456	-0.006622	-0.000880	-0.000594	0.003260	0.005090	-0.000770	0.001891	-0.006027	0.007149	0.009160	0.006581	0.008773	0.005655	0.003342
0.000832	-0.001142	-0.000639	-0.000395	0.003509	0.013545	0.006030	-0.003863	0.016094	0.000625	0.006567	0.007041	-0.000193	-0.000487	0.008764	-0.019755
-0.000543	-0.000659	-0.000982	-0.000340	-0.023675	-0.001062	0.002236	-0.000728	-0.015417	-0.000406	0.000566	0.001806	0.001569	-0.007551	0.000258	-0.010852
-0.000605	-0.000984	0.002968	0.005441	0.006204	0.006358	0.001733	0.007445	0.007038	0.009478	0.011744	0.035033	0.006258	0.005300	0.013077	0.018709
-0.000976	-0.000606	0.001281	0.004108	0.003815	0.002967	0.003574	-0.000730	0.009006	0.015406	0.024257	0.002117	0.245474	0.296428	0.046995	0.001565
-0.000684	0.000000	-0.000662	-0.000630	-0.000618	0.000937	0.000275	-0.000703	-0.003973	-0.000058	0.003276	0.007429	0.017920	0.077071	0.010714	0.002279
-0.001182	-0.000996	0.000738	0.001363	-0.000915	0.006378	0.003289	0.001200	0.006763	0.012743	-0.028187	0.585309	0.023948	0.530202	0.009884	0.002649
0.011427	0.000433	0.015792	-0.003988	-0.000695	-0.031706	-0.013941	-0.003733	0.002343	0.001051	0.002580	0.005731	0.882318	0.018789	0.000000	0.010997
-0.000739	-0.000623	0.001030	0.000209	-0.004237	0.001595	0.004935	-0.022064	0.000000	0.000278	0.050660	0.068872	0.318170	0.106142	0.034950	-0.004752
-0.000286	0.001807	-0.002591	0.000230	0.004679	0.004681	0.007402	0.003757	0.006648	0.013260	0.027039	0.020267	0.012237	0.000918	-0.002181	0.001796
-0.000479	0.002098	0.004875	0.002519	0.002475	0.007345	0.004267	0.005016	0.000947	0.010362	0.019689	0.014989	0.007772	0.005057	0.000889	-0.018781
-0.000649	-0.000708	0.003885	0.004063	0.004386	0.003338	-0.000478	-0.020513	0.002840	0.009075	0.004423	0.001137	0.000537	-0.008109	-0.000086	-0.000188
-0.000448	-0.000406	0.001632	0.001618	0.002224	0.001936	0.004873	0.014739	0.006290	0.006902	0.016645	0.008553	0.009078	0.000522	0.011681	0.009945
