12/18/2023	2:45:24 PM

Pc[W]	Q0	Eacc[MV/m]	He_temp[K]
3.970	1424666658.344	7.003	1.483200
38223.669501	405.506297	469.786754	17007.835884	21115.607755	20063.939279	15948.824576	476.856362	20859.890877	17147.031219	15876.767267	17419.203508	18554.587366	16619.450778	30693.380503	19367.729632
18346.622242	29361.294540	15923.130580	15490.299624	20165.364299	29125.937058	22629.359501	440.282343	15796.171509	14434.256651	18690.613456	15973.023468	16955.793067	28878.938225	15927.298690	15821.890989
433.181800	29184.368551	34425.811533	16530.919061	13840.151831	16234.255492	14107.492887	16949.379644	476.134460	16069.638479	584.474555	16363.110671	18471.363688	16300.156339	24526.441405	44041.963703
15622.522488	432.770561	15495.263856	21705.336644	20012.610088	26474.735747	14729.333460	15645.225828	16405.066164	15315.278146	482.733412	16023.692570	17149.355061	16043.184859	18454.596969	24635.777435
28992.058908	109.712222	461.980368	13707.321741	27007.969464	16246.309147	18167.474366	409.106555	18636.497823	400.230616	28456.283256	29920.468654	434.605365	27153.052833	13302.347708	17392.437437
20828.458171	18997.253650	18109.013625	404.562637	18993.800943	403.128080	17210.565926	17999.999239	19560.473049	19715.979412	461.477420	15806.160507	15431.864962	442.598531	32025.343836	16001.793827
105133.474617	20389.077872	27918.679900	17310.429155	23205.828423	17576.359701	14929.994832	20580.405781	27761.076336	16490.195023	16277.575756	29649.060910	474.527880	17482.930805	28076.245396	24372.353974
105140.867680	25710.249827	26673.278028	15015.253534	16259.144480	15129.238466	27880.450769	475.695630	17992.093284	16781.878846	16455.120581	26799.582543	15779.214522	16979.212848	23458.406608	16221.256257
430.915471	16413.682482	23554.477993	15822.482720	15975.991139	16423.805914	487.627540	554.379491	16381.160377	26891.875134	17291.801804	18111.306691	17063.034126	19840.749484	17530.073357	24636.579612
450.285303	17065.690016	27279.010318	485.828144	35391.013495	447.010879	30420.136206	520.175617	20724.317590	458.942810	15931.550279	13827.481417	15686.274153	17405.828049	18805.153936	464.802874
105135.938856	683.047514	17615.482879	24285.155824	17077.317543	18536.032627	86242.751532	464.386934	16650.953782	102328.656475	27799.424892	16712.052613	16538.807702	105143.332266	14644.062375	16188.170692
26498.040505	27731.127588	403.713091	28884.027509	14411.608205	29703.048999	28579.737624	462.899591	432.860925	456.798267	24308.106779	19007.377255	18277.123428	22012.836460	16102.539132	422.913787
19254.240061	17126.089947	17920.456814	16376.908669	30175.696979	29809.685910	17803.539817	421.339041	373.121965	540.777880	20965.090871	16353.903036	14651.060527	14546.490370	13404.232918	25601.117291
480.843070	537.985454	17544.893520	17144.460826	31197.425741	17082.207589	14376.217209	17848.703113	16113.864561	15674.655567	23635.644564	15544.574103	16114.265684	15451.794767	538.255880	424.077307
28008.350075	30640.053398	16623.312513	16421.672401	27394.287427	472.937092	22007.221241	394.488572	21521.369198	18124.543409	29159.635000	16674.147297	16159.474586	16165.468711	17008.652514	105140.867680
105140.867680	105135.938856	105133.474617	105143.332266	105150.726716	105145.796967	105150.726716	105140.867680	105140.867680	572.254461	16574.036400	444.018705	475.274416	18848.231489	17972.561163	23915.745246
16192.406654	16639.322052	16197.133793	8512.430483	15087.005282	17052.366711	18395.636034	508.254732	18830.703416	21730.042943	377.242731	19068.982550	14786.774550	15182.029706	17216.176553	20109.594882
19424.442181	32991.901750	18134.226380	17681.794177	461.819930	1014.367388	27300.418440	16487.270735	19229.993633	16635.460397	33415.077191	28979.893885	28732.695344	13876.417047	20194.137738	591.522927
18479.341380	16839.203093	16801.252727	15871.138631	29518.235994	31690.003806	19358.503857	19079.508681	480.058174	19013.567142	31773.043367	18413.585414	24456.941869	16219.898859	14547.614432	105156.289558
17283.538983	18332.834565	16110.983730	17347.052445	28693.691804	22275.502849	16076.842597	105143.964533	17353.240365	18544.525088	27729.965610	21532.705361	19770.932495	400.287741	420.342235	437.467865
20026.471654	15676.535791	30552.975998	16409.958290	17159.998556	16615.326170	17099.029843	16469.573378	14638.122678	13952.772983	15346.184953	16102.372431	18006.641211	15903.728588	29545.459236	17535.846622
15696.610432	15316.706736	399.858531	15906.805057	16110.087814	16859.326105	21247.236015	17466.829171	466.055563	470.821422	29381.832036	29426.626954	21577.900329	17281.786150	13465.082638	405.954669
20425.910500	458.071217	17734.035337	433.347708	16553.732546	20143.332045	18419.571979	413.713239	18892.977454	451.637838	490.441258	15875.287437	21420.795394	22548.997755	20698.012772	19300.110179
105153.824322	636.164095	443.706473	20872.174130	28663.140450	21859.681960	497.821141	15982.314815	26455.725892	420.743326	27484.948910	14120.132616	23794.515130	15218.076791	29368.334490	436.846659
452.252386	433.888905	17015.684961	17960.751563	17352.363610	432.765879	17736.478184	491.827989	445.562017	16431.230068	17053.950793	14996.415445	18117.421079	17047.859046	436.425129	463.542977
14334.475121	17747.075506	21460.281600	445.670224	447.797781	29002.952442	15653.546268	17411.171870	392.586815	22364.827018	22168.378846	21655.656172	16939.888741	438.751232	18351.977084	466.536859
16025.087818	26443.306357	17419.930956	15189.593668	15976.082728	19226.225527	18449.280626	17397.794468	21973.324112	16902.689771	16301.233341	19525.309690	17105.447686	21325.829672	413.696480	622.659395
17352.719268	15652.616423	17367.557202	15391.950616	27204.130901	16159.350848	16093.663088	18285.742774	28945.862625	25450.208609	13352.180423	463.664083	11099.225880	18475.427549	26545.086533	17734.253951
15408.755463	105148.894197	30696.162177	30859.158884	17964.842865	20009.099935	31791.355515	17402.072618	88380.309967	22245.259144	19072.828881	18354.821082	29222.582389	29995.954405	15706.651939	15488.407349
29014.260073	23390.492343	21179.321221	17177.967132	19489.422915	16556.180965	14698.891111	19915.762974	17476.535570	15998.064851	105146.429307	11402.587005	17734.436535	422.498219	433.758976	16437.054297
444.888939	18468.351544	434.941910	448.509262	18602.690776	1029.140632	436.716943	517.097246	22572.774179	19009.475693	17709.914413	19038.691711	17121.374707	21011.092675	105153.824322	674.585804
17021.209468	21307.589900	15728.712390	25377.148040	474.810249	17350.598841	15615.877995	675.386872	105151.359201	8791.583252	18609.419984	21637.740206	14768.509624	19224.914215	29873.559094	452.670084
19531.595032	30281.993285	468.622477	27940.558877	28150.355925	29656.772873	25179.614804	17572.706120	27917.013964	25684.890059	27328.443200	26509.995370	16064.216659	22697.288038	701.300330	16869.198979
15657.477051	475.474283	17732.941610	15345.419033	17354.271787	15752.651075	17668.109243	13969.249007	18301.201453	28929.354584	15769.464186	26164.664349	16118.617219	18531.275762	19543.410700	408.309539
18437.708217	20600.305477	29668.190309	27921.147138	16185.016371	16802.857146	17030.284339	568.130709	19254.979451	15497.395929	19086.224916	30255.504660	18343.750430	453.573747	31990.483865	23702.100000
18078.962421	16200.667498	15285.732658	17767.310573	19016.481514	437.990193	16713.723544	794.195268	16413.872174	18027.013175	16047.896239	15789.679463	13532.608477	20439.068755	458.846868	394.049211
