12/18/2023	2:37:46 PM

Pc[W]	Q0	Eacc[MV/m]	He_temp[K]
1.086	23847621507.055	14.988	1.461600
0.001143	0.013720	0.010721	0.001832	0.000741	-0.000301	0.004558	-0.025342	0.001700	0.005506	0.006781	0.009650	0.006959	0.001164	-0.000360	-0.000322
-0.000022	0.001289	0.002199	0.000163	0.001164	0.001302	0.001047	-0.009935	0.001629	0.004836	0.004768	0.004163	0.010376	0.009559	-0.000370	-0.000181
0.033568	-0.000298	-0.000196	0.002122	0.001359	0.005228	0.002897	-0.000012	0.002961	0.004088	-0.017195	0.007758	0.006978	0.001627	0.000315	0.151298
0.002972	0.040141	0.000814	0.003295	0.001914	0.003169	0.004312	0.006038	0.003555	0.004690	-0.021258	0.006971	0.004849	0.002105	0.003387	-0.000360
0.001808	-0.008598	0.004013	0.000731	0.002943	0.002463	0.000741	-0.011224	-0.063351	-0.019631	0.001599	0.003609	0.053259	0.001018	0.000264	-0.000331
-0.000105	-0.000237	-0.000085	-0.005778	0.000372	0.015947	0.003142	0.000059	0.002956	0.001287	-0.001022	0.001837	0.004462	0.019550	-0.001718	0.000003
0.000000	0.000904	0.000559	0.001131	0.001204	0.001611	0.001770	0.003396	0.001607	0.001746	0.002491	0.003851	-0.027746	-0.000256	-0.000149	-0.000371
0.000000	0.001208	0.004887	0.002848	0.004173	0.000165	0.002212	-0.001107	0.001870	-0.000060	0.002053	0.002648	0.001180	-0.000225	-0.000381	-0.000368
0.016212	-0.000223	0.005301	0.001734	0.002698	0.003820	-0.001358	0.028175	0.001728	0.002487	0.002023	-0.000033	-0.000217	-0.000239	-0.000238	-0.000380
-0.027267	-0.000264	0.000118	0.012774	0.000723	0.017945	0.002484	0.033031	0.001521	-0.007449	0.001191	0.000073	-0.000186	-0.000209	-0.000225	0.000021
-0.006900	0.013658	0.000088	0.003878	0.001435	0.001533	0.026593	-0.024764	0.002360	-0.305516	0.001462	0.001306	0.001960	-0.006900	-0.000173	-0.000293
0.000554	-0.000063	0.001069	0.001187	0.004054	0.000919	0.002457	0.009109	-0.027714	-0.025715	0.002096	0.000250	0.001337	-0.000052	-0.000220	0.011888
-0.000258	0.001208	-0.000093	0.000625	-0.003639	-0.000208	0.002171	0.001608	0.029795	0.004245	0.001449	0.002041	0.002857	-0.000146	0.001576	-0.000295
0.014139	0.008159	0.001529	0.000306	0.001319	0.000974	0.001923	0.002167	0.000309	0.001818	0.003230	0.001844	0.001788	0.000458	0.007665	0.039920
0.000581	-0.000229	0.000540	0.001598	0.002405	-0.008956	0.001046	-0.001558	0.000371	0.002383	0.003401	0.003355	0.003252	-0.000221	-0.000215	0.000000
0.000000	-0.006900	0.000000	-0.006900	-0.006900	-0.006900	-0.006900	0.000000	0.000000	0.018283	0.000435	0.031516	0.004653	0.000616	-0.000050	-0.000370
0.001859	-0.000092	0.002954	-0.101974	0.001442	0.001935	0.001467	-0.008995	0.000931	0.001430	0.039038	0.000035	0.000767	-0.000147	-0.000293	-0.000303
-0.000073	-0.000231	0.003085	0.001785	-0.028990	0.012511	0.002012	0.002872	0.000530	0.002523	0.003483	0.000929	-0.000334	-0.000168	-0.000374	-0.004961
-0.000221	-0.000227	0.000738	0.001214	0.003316	0.000331	0.000649	0.000162	0.002794	0.001475	0.002161	-0.000301	0.000156	0.000380	-0.000188	-0.006900
-0.000182	0.000589	0.001459	0.002266	0.000078	0.001452	0.001406	0.000000	0.001295	0.002739	0.003344	0.003817	0.001528	-0.025623	-0.000416	0.014579
-0.000212	-0.000261	-0.000426	0.001061	0.001865	0.001945	0.000524	-0.000259	0.002539	0.002006	0.001535	0.002554	0.000751	-0.000136	-0.000263	-0.000287
-0.000171	0.003883	-0.022964	0.001992	0.002567	0.002419	0.002133	0.000318	-0.014225	0.008355	0.001686	0.003920	0.003302	-0.000181	0.006362	-0.009614
-0.000284	0.003336	-0.000252	-0.000750	0.001674	0.001170	0.002423	-0.009282	0.001243	-0.005365	0.015574	0.004452	0.003909	0.000384	0.001330	-0.000381
0.000000	0.028715	-0.007471	-0.000413	-0.000159	0.001759	0.003330	-0.000377	0.000871	0.000110	0.004795	0.005492	0.004746	0.006580	0.005197	0.001712
0.009250	-0.021871	-0.000314	-0.000209	0.001862	-0.006431	0.003607	-0.029610	0.013660	0.000458	0.003881	0.004408	0.000078	-0.000210	-0.003153	-0.006894
-0.000265	-0.000347	-0.000306	-0.009133	-0.000207	-0.000281	0.001891	-0.000270	-0.020546	-0.000171	0.000513	0.001198	0.000670	-0.033745	-0.000234	-0.008290
-0.000236	-0.000367	0.002336	0.003758	0.004002	0.004112	0.001378	0.005331	0.004612	0.005021	0.005139	0.008131	0.001846	0.000356	0.002464	0.004409
-0.000311	-0.000243	0.001089	0.002414	0.002222	0.001673	0.002020	-0.000224	0.005597	0.005321	0.006323	0.000933	0.010397	0.004743	0.000683	-0.000305
-0.000262	0.000000	-0.000143	-0.000188	-0.000159	0.000677	0.000117	-0.000352	0.001817	-0.000272	-0.000213	-0.000275	-0.000416	-0.000397	-0.000291	-0.000255
-0.000408	-0.000382	0.000810	0.000707	-0.000692	0.003715	0.001844	0.000444	0.000919	0.001280	-0.006900	-0.000355	-0.000378	0.001760	-0.003021	-0.000401
-0.003280	0.000672	0.002328	0.000779	-0.000306	-0.007496	-0.004702	-0.006894	0.000658	-0.000156	-0.000274	-0.000145	0.001543	-0.000307	0.000000	0.006152
-0.000275	-0.000245	0.000831	0.000269	0.011184	0.000558	0.002666	-0.001441	0.000000	-0.000337	0.000863	0.002072	0.000434	-0.000097	-0.000413	-0.018936
-0.000183	0.002037	-0.002962	0.000300	0.002199	0.002219	0.003863	0.002140	0.003824	0.006559	0.009548	0.007009	0.000920	-0.000292	-0.005757	-0.000406
-0.000113	0.032303	0.003965	0.001634	0.001373	0.004962	0.002502	0.003231	0.000738	0.006217	0.010642	0.008095	0.003617	0.000717	-0.000329	0.008507
-0.000394	-0.000271	0.003116	0.003036	0.002532	0.002206	-0.000168	0.016296	0.002079	0.006495	0.003184	0.000772	0.000238	0.002694	-0.000315	-0.000319
-0.000213	-0.000105	0.001260	0.000930	0.001085	-0.005486	0.003458	0.006063	0.004895	0.005212	0.010576	0.006162	0.006768	0.000620	0.017477	0.020067
