5/10/2023	11:29:28 AM

Pc[W]	Q0	Eacc[MV/m]	He_temp[K]
2.225	2099280485.462	6.364	2.001700
0.000625	0.072625	-0.016268	0.000136	0.000073	0.000485	0.034914	0.198931	0.026245	-0.000200	0.000228	0.000011	0.000104	-0.000284	-0.000133	-0.000017
-0.000288	0.000144	0.000171	-0.000285	-0.000012	-0.000065	0.000181	0.014093	-0.000136	0.000291	0.012220	-0.000445	0.000110	-0.000375	-0.000474	0.000211
0.032410	-0.000061	-0.000068	-0.000005	-0.000201	0.000666	-0.000108	-0.000227	0.038983	-0.000192	-0.022588	0.000097	-0.435901	0.000068	0.148217	-0.000251
0.000236	0.010138	-0.000491	0.000132	-0.000014	-0.000113	0.000201	0.000418	0.000399	-0.000284	-0.005564	-0.000192	0.000024	-0.000037	-0.000326	0.000077
-0.000087	0.003876	0.031538	0.000106	0.000003	-0.000849	0.000549	-0.022200	-0.000297	-0.000204	-0.000038	-0.000013	-0.002742	-0.000011	0.000739	0.000184
-0.001145	0.000065	0.000063	-0.007667	0.000033	0.056530	0.000100	0.000046	0.000039	-0.006020	-0.069809	-0.000253	-0.000095	0.025058	0.035489	0.000820
-0.000200	0.000129	-0.000302	0.000065	0.000163	-0.000090	-0.000088	-0.000039	-0.000008	-0.000100	0.000191	-0.000200	0.029877	-0.000248	0.000035	-0.000189
-0.000200	0.000000	0.000012	0.000070	0.000322	-0.000025	-0.000263	-0.026690	0.000094	-0.000201	0.000367	0.000003	-0.000139	0.000442	-0.000366	-0.000125
0.010575	0.000462	-0.000106	-0.000304	-0.000150	0.000086	-0.032709	0.013771	-0.000013	-0.000059	0.000260	0.000351	0.000018	-0.000050	-0.000161	0.000122
-0.037250	-0.000201	-0.000332	0.001993	-0.000085	-0.007201	0.000126	0.006976	0.000011	0.079748	-0.000107	0.000475	-0.000060	-0.000422	-0.000120	0.015847
-0.000200	0.010735	-0.000027	-0.000123	-0.000375	-0.000259	0.000023	0.026661	0.000297	-0.000036	0.000341	0.000217	0.000449	-0.000200	-0.000200	0.000000
-0.000169	-0.000130	-0.008487	0.000052	-0.000560	0.000076	0.000460	0.030815	0.043434	0.072106	0.000109	0.000026	-0.000133	0.000202	-0.000115	-0.011709
-0.000318	-0.000273	-0.000553	-0.000318	-0.000047	-0.000246	-0.000303	0.013815	-0.022269	0.010348	-0.000194	0.000044	0.000272	0.000105	-0.000108	-0.000059
0.001653	-0.010595	-0.000201	-0.000225	0.000023	-0.000201	0.000065	0.000184	-0.000133	0.000331	-0.002221	-0.000350	-0.000150	0.000181	-0.003047	-0.000222
-0.000336	-0.000083	-0.000005	0.000241	0.000157	0.018853	0.000200	-0.026222	-0.000175	0.000217	0.000027	0.000037	-0.000150	0.000132	0.000148	-0.000157
-0.003521	0.018883	0.000294	0.000052	0.000121	-0.000119	0.000031	-0.000195	0.000137	-0.005409	-0.000275	-0.010390	-0.000200	0.000098	-0.000239	0.000071
-0.000092	0.000333	-0.000175	-0.005128	0.000135	0.000140	-0.000081	0.005219	-0.000135	0.000272	0.026498	-0.000100	-0.000210	-0.000483	-0.000024	-0.000118
-0.000005	-0.000081	-0.000275	-0.000231	-0.017827	-0.012962	0.000146	0.000133	0.000113	0.000217	0.000035	0.000106	-0.000268	-0.000361	0.000135	0.047703
0.000233	-0.000241	-0.000071	-0.000048	-0.000093	0.000004	0.000021	-0.000065	0.008190	0.000000	-0.000175	0.000184	0.000218	-0.000260	0.000110	0.000000
0.000690	-0.000031	0.000303	-0.000050	0.000084	-0.000140	0.000043	-0.000201	-0.000130	-0.000258	0.000064	0.000820	0.000173	0.025328	-0.032361	-0.012997
0.000510	-0.000104	0.000319	0.000174	-0.000423	0.000105	-0.000423	0.000023	0.000396	-0.000625	0.000002	-0.000009	-0.000081	-0.000287	-0.000238	-0.000475
0.000138	0.000203	0.048786	0.000053	0.000198	-0.000303	-0.000107	-0.000600	0.003306	-0.018812	-0.000066	-0.000160	0.000124	-0.000344	0.000209	-0.019679
-0.000101	0.002290	0.000145	0.059174	-0.000120	0.000039	-0.000032	0.019432	0.000026	-0.023589	0.005209	-0.000134	0.000308	0.000084	0.000030	0.000041
0.000000	-0.011828	0.013686	0.000002	-0.000181	-0.000039	-0.006646	-0.000661	-0.000170	0.013145	-0.000162	-0.000315	-0.000111	-0.000227	0.000000	-0.012814
-0.001058	-0.013726	0.000178	-0.000147	0.000394	-0.043427	-0.000193	-0.036263	0.007550	0.000264	-0.000139	-0.000003	-0.000125	0.000031	-0.003235	-0.027456
0.000329	0.000190	0.000280	-0.036302	-0.001210	0.000024	0.000210	-0.000076	0.069226	-0.000418	-0.000207	-0.000251	-0.000121	-0.002734	0.000001	-0.001951
-0.000201	-0.000081	0.000173	-0.000218	0.000049	-0.000346	-0.000237	0.000440	0.000158	-0.000006	-0.000471	-0.000090	0.000046	-0.000290	0.026776	0.020827
-0.000280	-0.000042	-0.000099	-0.000183	-0.000078	0.000262	0.000040	-0.000052	0.000095	-0.000023	-0.000153	0.004312	0.000095	-0.000201	-0.000102	-0.000193
-0.000489	0.000075	-0.000246	-0.000037	0.000054	0.000008	-0.000128	-0.000013	-0.000058	-0.000025	0.000201	-0.000512	-0.000281	-0.000358	0.000077	0.000179
-0.000128	-0.000088	-0.000155	-0.000297	0.014473	-0.000307	0.000197	0.000311	0.000376	0.000179	-0.000554	0.000149	-0.000324	-0.051824	-0.009710	0.000270
-0.004499	-0.000399	-0.031887	-0.000204	-0.000127	-0.002369	-0.051695	-0.002521	-0.000126	0.000418	-0.000383	-0.002499	0.000207	-0.000363	0.000000	-0.004594
-0.000356	0.000307	0.000020	-0.000140	0.006837	-0.000004	-0.000227	0.008868	-0.000224	-0.001390	0.000000	-0.000529	0.000037	-0.000194	-0.000182	-0.008721
-0.000310	0.000179	0.029716	0.000003	-0.000117	-0.000012	-0.000179	0.000013	0.000100	0.000018	-0.000163	-0.000060	-0.000108	-0.000194	-0.000226	-0.000256
-0.000039	0.018127	-0.000013	0.000215	-0.000112	-0.000001	-0.000020	0.000153	-0.000093	0.000016	-0.000317	0.000083	-0.000250	-0.000156	-0.000109	0.037345
0.000004	-0.000457	-0.000053	0.000167	0.000386	0.000047	-0.000110	-0.023260	0.000192	-0.000043	0.000017	0.000162	-0.000117	-0.010026	0.000041	-0.000489
-0.000527	-0.000033	-0.000515	-0.000114	0.000134	0.035495	0.004967	-0.018619	0.000332	-0.010452	0.007991	-0.001424	-0.000110	-0.000424	-0.011169	0.025635
