5/10/2023	11:32:46 AM

Pc[W]	Q0	Eacc[MV/m]	He_temp[K]
2.028	3343828358.485	7.668	2.001700
-0.000430	0.097118	0.008347	0.002066	0.026018	0.333190	0.534689	1.666993	0.493176	-0.000200	0.033132	0.002721	0.000197	-0.000352	-0.000120	0.000217
0.000006	0.000143	0.000016	-0.000079	0.000307	0.022249	0.079869	-0.019841	0.057434	0.020251	0.018745	0.000366	0.000348	-0.000233	-0.000047	0.000429
0.103881	-0.000161	-0.000065	-0.000219	-0.000148	0.000178	-0.000335	-0.000316	-0.038841	-0.000166	-0.013093	0.000487	-0.829582	0.000268	0.035184	0.000139
0.000022	-0.003641	-0.000708	0.000085	-0.000108	-0.000169	-0.000753	0.000001	-0.000069	-0.000378	0.040102	-0.000494	0.000568	-0.000218	0.000028	-0.000092
0.000041	0.003626	0.033548	-0.000518	-0.000165	-0.001789	0.000316	-0.041801	0.000432	-0.006927	0.000089	0.000119	0.018770	0.000014	0.000467	0.000399
0.000943	0.000117	-0.000257	0.007356	-0.000147	0.022788	-0.000006	-0.000233	-0.000092	-0.007697	0.001496	-0.000315	0.000397	0.047799	0.026793	0.000907
-0.000200	0.000009	-0.000221	-0.000298	-0.000243	0.000060	0.000088	0.000063	0.000198	0.000009	0.000057	-0.000093	0.025158	0.000011	0.000025	-0.000118
-0.000200	-0.000123	-0.000141	-0.000273	-0.000002	-0.000316	-0.000143	-0.015499	0.000207	-0.000112	0.000300	-0.000125	-0.000096	0.000270	-0.000035	-0.000277
-0.025610	0.000065	-0.000965	-0.000184	0.000372	0.000552	-0.003737	0.030481	0.000418	-0.000069	0.000307	0.000489	-0.000015	-0.000122	-0.000406	-0.000026
-0.023975	-0.000397	-0.000312	0.010112	-0.000066	0.011269	0.000130	0.002978	0.000209	0.000677	0.000132	0.000003	0.000027	-0.000003	-0.000363	-0.010497
-0.000200	-0.007138	0.000154	0.000038	0.000012	0.000247	0.000041	0.044563	0.000240	-0.000160	0.000478	-0.000046	0.000330	-0.000200	-0.000200	0.000000
-0.000494	0.000006	0.024202	-0.000125	0.000187	0.000112	0.000379	0.007727	0.061135	0.040552	-0.000038	0.000083	-0.000246	-0.000069	-0.000261	0.006829
-0.000128	0.000368	-0.000186	-0.000100	0.000149	-0.000019	-0.000296	0.021913	-0.002437	0.005534	-0.000429	-0.000033	-0.000192	0.000143	0.000098	-0.000076
0.042620	-0.007421	0.000319	-0.000009	-0.000026	-0.000169	0.000045	0.000175	-0.000082	0.000060	0.000803	-0.000422	-0.000150	0.000171	0.012004	-0.000212
-0.000001	-0.000066	0.000003	0.000307	0.000032	0.036198	-0.000014	0.006686	-0.000317	0.000194	-0.000292	0.000020	-0.000116	0.000114	0.000180	-0.000004
0.009876	-0.008672	-0.000020	0.000168	0.000002	-0.000164	-0.000232	-0.000222	0.000141	0.008433	-0.000848	-0.027053	-0.000200	0.000082	0.000036	0.000148
0.000076	0.000242	-0.000109	-0.005297	0.000089	-0.000067	-0.000156	-0.000979	-0.000107	-0.000151	0.036443	-0.000273	-0.000080	-0.000055	-0.000185	-0.000057
0.000078	0.000034	0.000210	-0.000301	0.015700	-0.019283	0.000155	-0.000128	-0.000318	-0.000377	0.000096	0.000292	-0.000096	0.000060	0.000237	0.027437
-0.000025	-0.000435	-0.000614	-0.000558	-0.000022	-0.000107	0.000062	0.000121	-0.021062	0.000078	-0.000027	0.000040	0.000361	-0.000277	0.000128	0.000000
0.000400	-0.000282	0.000067	-0.000011	-0.000019	-0.000123	0.000085	-0.000203	-0.000178	-0.000259	-0.000172	0.000795	-0.000167	-0.007310	-0.006417	-0.033641
0.000584	0.000195	0.000087	-0.000022	-0.000124	0.000176	-0.000281	0.000113	-0.000274	-0.000452	-0.000140	0.000124	0.000106	-0.000132	-0.000159	-0.000311
0.000242	-0.000096	0.025681	-0.000024	0.000289	-0.000241	0.000023	-0.000429	-0.002830	-0.019740	-0.000197	-0.000089	0.000174	-0.000368	0.000049	0.015481
-0.000148	-0.009265	0.000190	0.000670	-0.000024	-0.000161	-0.000003	-0.031579	0.000084	-0.037072	0.009093	0.000072	-0.000038	0.000029	0.000075	-0.000038
0.000000	-0.021405	-0.020351	-0.000057	-0.000452	0.000028	0.011177	-0.000398	-0.000023	0.038233	-0.000115	-0.000087	-0.000050	-0.000044	-0.000096	-0.007017
0.014471	0.028458	0.000314	-0.000101	0.000038	-0.017249	-0.000276	-0.053280	-0.001174	0.000397	0.000083	-0.000210	-0.000050	-0.000073	-0.010281	0.009435
0.000511	-0.000278	0.000254	-0.036308	0.018049	-0.000075	0.000105	-0.000069	0.050188	-0.000274	-0.000375	-0.000346	-0.000409	-0.038567	-0.000104	0.017467
0.000058	0.000126	0.000180	-0.000334	0.000289	-0.000056	0.000017	0.000432	-0.000183	0.000079	0.000158	-0.000572	-0.000106	-0.000335	0.028402	0.022471
-0.000343	-0.000184	0.000087	-0.000052	-0.000094	0.000148	-0.000127	-0.000216	-0.000029	-0.000206	-0.000001	0.021653	0.000030	-0.000208	-0.000216	-0.000148
-0.000399	-0.000177	-0.000210	-0.000061	0.000121	0.000084	-0.000158	-0.000162	-0.000190	-0.000026	0.000150	-0.000387	-0.000083	0.000040	-0.000193	-0.000080
0.000059	0.000072	-0.000045	-0.000266	0.017952	-0.000234	0.000002	-0.000035	0.000281	0.000030	-0.000225	0.000227	-0.000015	-0.024312	-0.010661	-0.000084
-0.020541	-0.000400	-0.025839	0.035413	0.000302	-0.002236	-0.070827	0.006790	-0.000008	-0.000014	0.000268	-0.002051	0.000483	0.000157	0.000000	-0.019400
0.000078	0.000049	0.000232	-0.000125	-0.001085	-0.000122	-0.000032	0.017002	-0.000060	-0.001057	0.000000	-0.000159	-0.000218	-0.000028	-0.000270	-0.009669
-0.000304	0.000014	0.025608	0.000002	0.000102	-0.000238	-0.000174	0.000059	-0.000065	-0.000201	-0.000094	-0.000187	-0.000033	-0.000386	-0.000216	-0.000328
-0.000021	0.019094	-0.000131	0.000359	-0.000153	0.000457	-0.000091	-0.000152	-0.000078	-0.000151	-0.000176	0.000062	-0.000226	-0.000076	0.000136	-0.025327
0.000077	-0.000326	-0.000040	0.000524	0.001856	0.007248	0.013186	0.004165	0.014646	0.003410	0.000675	0.000271	-0.000087	0.012240	-0.000065	-0.000490
-0.000400	0.000338	-0.000395	0.000270	0.009143	0.038367	0.482587	1.276601	0.193888	0.017623	0.048429	-0.004758	-0.000091	-0.000493	0.033869	-0.022418
