5/10/2023	11:16:42 AM

Pc[W]	Q0	Eacc[MV/m]	He_temp[K]
0.008	59535399803.940	2.023	2.001500
15048.718410	347.590274	401.530808	6457.449150	7351.125920	7182.845584	6297.389533	411.807329	7591.733096	105156.258484	6210.944815	6675.454360	6892.276489	6250.556462	10107.474271	7276.854700
6573.732294	9692.833916	6146.854089	5886.480476	7276.513560	9620.317339	7894.265527	381.478593	5849.375109	5667.632492	6825.863355	6101.962440	6585.857525	9948.472080	5946.577614	6027.759566
375.747252	9770.038019	11259.858922	6244.002717	5334.690557	6299.115985	5562.607672	6244.794992	406.914410	6059.730288	444.334763	6400.127258	85565.984642	6206.488222	59167.810489	8462.015124
5910.333016	379.268011	5928.999323	7584.461130	7471.306354	9039.193276	6006.241139	6173.179906	6178.476065	5950.933942	417.109085	6097.826030	6458.929399	6074.162433	6885.865693	8670.141511
9692.860805	9589.674249	398.609755	5362.201319	9283.667675	5992.844196	6150.720592	347.902996	6797.211238	351.778171	9603.872750	10239.836200	371.077135	9103.607854	5157.742627	6387.190214
11037.591668	7114.934020	6894.529375	344.878986	6757.107543	354.353615	6666.377278	6884.425512	7016.867897	7290.882622	392.013393	6136.940744	6100.874215	381.469650	10745.047393	5911.645703
105134.076045	7414.430853	9436.038353	6577.348419	8042.612516	6545.174214	5726.804497	7171.886001	9334.655812	6379.842182	6243.762054	10139.648187	414.682780	6634.604021	9521.123272	8457.041533
105141.469152	9047.318487	9197.145152	5826.474070	6285.090049	5696.534966	9457.640707	391.614716	6774.364113	6146.099436	6175.185200	9042.877544	5888.017509	6374.318065	8485.958979	5942.038653
369.553040	6047.111107	8263.900706	6052.726333	6191.372682	6140.099628	415.917627	449.378046	6325.441319	9080.506242	6510.879418	6545.400859	6241.006187	6966.878598	6514.530428	8772.980293
385.880831	6506.139106	9108.876754	404.404506	11515.541710	381.469650	10061.900115	439.552515	7534.374935	406.641219	6206.006903	5333.612380	6140.965521	6570.430469	6939.371997	397.510996
105136.540299	607.245949	6500.748808	8472.924960	6564.426850	6685.164399	9569.925851	384.731815	6466.960363	6379.816401	11755.938850	6322.047541	6526.803985	105143.933751	105131.611908	105146.398467
8888.846591	9202.359414	347.325191	9709.961330	5666.506948	9925.689243	9712.567415	392.235652	377.672515	390.374619	8515.801276	6896.051123	6766.747256	7609.907414	6113.669046	364.997864
7092.121210	6603.103872	6688.679292	6060.390454	13490.818583	6950.444748	6791.447552	371.441531	323.068423	485.428351	7598.765402	5977.782930	5867.997122	5704.850171	5390.555477	9120.589762
410.812721	411.634232	6295.076106	6244.030867	10221.141914	6272.602165	5585.919809	6504.984342	6134.675284	6163.394483	10642.671322	5981.553234	6167.646208	6014.460192	493.256980	612.417016
9259.418959	10044.046832	6142.201686	6304.406409	9222.253798	426.415869	7736.650983	339.785106	7563.879464	6997.217284	10041.919287	6228.883834	6106.231362	6072.682381	6269.313429	9872.770914
382.307312	404.828903	7394.712605	9441.432381	6602.760366	6858.751556	6661.403441	9187.007902	8943.473404	379.098690	6323.540419	682.875162	105141.469152	7011.970475	6862.762523	8146.733988
6176.132086	6303.473381	6260.462141	1709.393540	5811.167389	6323.824690	6720.694103	425.152382	6747.168745	7693.233444	328.314551	7224.293229	5649.340817	5803.570945	6359.065371	7135.909341
7328.080831	10957.077412	6981.490348	6420.894620	402.139405	890.514573	9243.466354	6503.403907	6942.259881	6283.426595	14299.563539	9486.379532	9502.522292	5399.756348	7465.785784	409.647815
6650.831154	6101.414978	6468.485809	6223.871929	9913.476259	10730.592452	7406.502175	6797.394643	407.297676	7067.421294	10631.334202	6627.055947	10406.414846	5895.632392	5517.905978	105156.891117
6495.511887	6954.375200	6002.505634	6462.014820	9599.211597	8154.507296	5955.937281	105144.566022	6401.030893	6868.222591	9487.282741	7602.159574	6993.604621	344.137121	363.148890	373.943318
7125.182644	5963.397947	10291.465104	6284.859936	6531.925438	6354.194807	6247.360304	6060.120860	5767.440338	5604.176864	5967.209512	6169.181548	6722.451962	6008.621823	9655.909096	6370.033256
5972.444137	5898.404242	343.952496	6008.721630	6000.902423	6286.212132	7678.327779	6251.744377	405.254075	404.881463	9806.213457	9941.151659	7682.661456	6658.590591	5350.560099	351.011222
7163.193901	397.836847	6444.509261	372.142080	6327.414570	7201.585902	7078.422965	340.310568	6620.615005	387.464163	410.708800	6172.326608	7733.316663	8006.255141	7395.418865	7088.010306
105154.425867	582.505369	387.152357	7215.016239	9213.150681	7666.977617	417.206343	6100.159365	8882.556379	359.057750	9502.418975	5533.709020	8344.207593	6181.954318	9954.117755	369.067752
389.675786	371.402685	6265.475258	6425.808581	6598.763615	372.204850	6769.158637	396.609279	379.299472	6396.067862	6808.382703	5922.243957	6975.799178	6473.841126	373.060997	389.577288
5596.840931	6590.489028	7390.580112	376.848576	388.115023	9679.705904	5847.740864	6413.524780	335.313092	7865.683374	7692.849610	7620.511826	6375.474170	372.659942	6644.021960	385.280150
5870.144575	8938.317909	6595.200390	5737.485031	6012.829803	6947.221440	7122.309602	6639.874751	8086.457442	6378.646141	6476.496595	7392.521229	6420.914329	7638.671271	349.935647	556.413393
6447.542462	5991.896226	6519.566820	5829.721133	9317.448364	6323.384684	6233.153743	6601.456414	10007.775391	9222.806100	5517.401736	396.133888	5667.786647	7314.882507	9182.863855	6477.779864
6141.250603	6521.744547	10044.638690	9650.242632	6828.354244	7077.031812	10615.700548	6433.788882	19677.630999	7587.622274	6889.399793	6646.008755	9667.408161	20373.971936	5721.955422	6137.065130
9582.687477	8007.403864	7395.017760	6320.707697	6867.501790	6238.093039	5685.350321	7131.600580	6443.867567	6171.253715	6354.332294	5894.611839	6590.266222	369.718137	371.188139	6059.442349
385.289181	6643.932378	375.181658	378.720147	6787.719057	837.500170	380.645435	443.698609	7763.177377	6809.500825	6406.161760	6799.237387	11672.385899	7428.134288	105154.425867	606.809846
6533.121513	7691.424947	6018.610195	9139.019891	405.183356	6492.632142	5811.264840	927.208234	6430.281540	5968.435220	105142.101350	8011.942668	6099.346745	6935.862354	9964.481086	386.652895
7046.558281	10208.840684	390.173360	9457.311805	9545.032882	10265.474911	8740.771283	6418.688926	9506.911307	9134.714778	9706.458677	9408.440924	6023.923973	7757.444722	696.652108	6163.327659
6008.743077	410.256351	6693.179422	5925.431287	6675.305708	6046.211377	6656.843126	5516.912224	6600.866458	10050.810305	6203.919159	9273.275976	6168.861800	6945.876997	7349.946796	349.591975
7136.473673	7262.647486	10110.336053	9466.215656	6039.698554	6398.533679	6682.761875	518.322976	7106.694158	6054.326731	6901.191596	10057.252257	6751.741616	377.846581	10386.131898	8822.986508
6527.404644	6181.071911	6024.748731	6849.131067	7220.703035	376.064060	6335.709248	369.102360	6505.106030	7276.785827	7167.079132	6415.861233	5534.289352	7302.124777	389.059447	337.494812
