5/10/2023	11:23:59 AM

Pc[W]	Q0	Eacc[MV/m]	He_temp[K]
0.813	8191870590.909	7.600	2.001600
0.000132	0.066961	0.005875	0.000875	0.000248	0.000282	0.047611	0.239523	0.026249	-0.000100	-0.000032	-0.000062	-0.000159	-0.000051	-0.000060	0.000119
0.000059	0.000199	0.000453	-0.000242	0.000168	0.000050	0.000430	-0.036220	-0.000732	-0.000081	0.011809	-0.000084	0.000201	-0.000073	-0.000135	0.000354
0.056144	-0.000235	0.000070	0.000041	-0.000101	0.000102	-0.000153	-0.000295	-0.013439	-0.000271	-0.028746	0.000248	-0.653196	0.000335	0.135894	-0.001071
0.000382	0.001038	-0.000139	0.000152	-0.000101	0.000052	0.000050	-0.000147	-0.000374	0.000150	-0.001642	-0.000127	0.000331	-0.000041	-0.000123	0.000119
-0.000047	-0.001993	0.002829	0.000132	0.000082	0.000237	0.000261	-0.023830	0.000083	-0.006825	-0.000081	0.000141	0.024159	0.000027	0.000839	0.000259
0.002233	-0.000177	-0.000045	-0.041693	-0.000412	-0.017866	-0.000182	-0.000410	-0.000174	-0.004557	-0.027777	0.000293	0.000013	0.001633	0.036790	0.001475
-0.000100	-0.000115	-0.000207	-0.000037	-0.000125	-0.000053	-0.000082	-0.000453	-0.000081	0.000329	0.000408	-0.000146	0.015926	0.000001	-0.000029	-0.000173
-0.000100	0.000016	-0.000237	-0.000308	0.000065	-0.000400	-0.000241	-0.003968	0.000284	0.000183	0.000358	0.000169	0.000111	0.000298	-0.000272	-0.000611
-0.040825	0.000389	0.000047	-0.000239	-0.000202	0.000357	-0.002930	0.041611	-0.000003	0.000051	0.000455	0.000558	-0.000166	-0.000087	-0.000030	-0.000265
-0.019678	-0.000297	-0.000202	0.006508	-0.000081	0.018500	0.000051	0.032918	-0.000012	0.073189	0.000164	0.000278	-0.000075	0.000026	-0.000160	-0.010394
-0.000100	0.005006	0.000002	-0.000095	0.000057	0.000296	0.000189	0.020599	-0.000037	0.000113	-0.000005	0.000128	0.000238	-0.000100	-0.000100	0.000000
-0.000319	-0.000227	-0.027392	0.000032	0.000183	0.000167	0.000418	0.022838	0.023033	0.036888	-0.000112	0.000344	-0.000191	-0.000025	-0.000476	-0.033813
-0.000299	-0.000133	-0.000423	0.000160	0.000088	0.000051	-0.000218	0.059331	0.014497	0.003719	-0.000140	0.000085	0.000050	-0.000321	-0.000204	-0.000220
0.009257	0.004748	0.000411	0.000212	-0.000022	0.000037	-0.000063	0.000130	-0.000126	0.000091	-0.002252	-0.000647	-0.000347	0.000183	0.000606	-0.000108
-0.000091	0.000125	0.000137	0.000650	0.000058	0.057273	-0.000057	-0.025007	-0.000255	-0.000026	0.000173	-0.000502	-0.000347	-0.000024	-0.000036	0.000058
-0.021292	0.055346	0.000045	0.000225	0.000017	-0.000315	-0.000132	-0.000101	-0.000053	0.007191	-0.000176	-0.021284	-0.000100	-0.000101	0.000006	0.000349
0.000209	0.000621	-0.000176	-0.005794	0.000035	-0.000125	-0.000086	-0.004722	-0.000261	0.000245	0.002924	-0.000173	-0.000259	-0.000092	0.000124	0.000139
0.000185	-0.000159	0.000108	-0.000078	-0.006995	-0.001239	-0.000030	0.000086	-0.000108	-0.000310	-0.000028	0.000282	-0.000235	0.000401	0.000317	0.070597
0.000068	-0.000262	-0.000587	0.000171	-0.000011	-0.000003	-0.000080	0.000064	-0.020960	0.000057	-0.000007	0.000042	0.000207	-0.000109	-0.000101	0.000000
0.000571	0.000083	-0.000076	-0.000045	0.000090	-0.000131	0.000134	-0.000102	-0.000282	-0.000318	-0.000139	0.000598	0.000100	-0.006324	-0.028865	-0.018764
0.000657	0.000022	0.000122	-0.000077	-0.000109	-0.000285	-0.000188	0.000569	0.000270	-0.000284	-0.000312	0.000225	0.000402	-0.000317	-0.000040	-0.000093
0.000638	0.000232	0.023897	-0.000135	0.000090	0.000049	0.000185	-0.000093	-0.003599	-0.002916	-0.000230	0.000161	0.000380	-0.000379	0.000479	-0.021606
-0.000167	-0.008345	0.000191	0.040500	-0.000189	-0.000081	0.000046	-0.026471	-0.000079	-0.036232	0.002210	0.000057	0.000245	0.000044	0.000096	-0.000080
0.000000	0.023598	-0.000106	-0.000009	0.000054	0.000029	0.026962	-0.000186	-0.000116	-0.006650	-0.000077	-0.000386	0.000000	-0.000249	-0.000028	-0.005944
0.009360	0.037642	-0.000173	-0.000024	0.000409	-0.008223	-0.000041	-0.002800	0.028283	0.000397	0.000215	0.000151	-0.000283	0.000363	-0.017177	-0.011320
0.000226	0.000236	0.000226	0.014692	0.041927	-0.000045	0.000249	0.000117	0.033774	-0.000427	-0.000219	-0.000385	-0.000596	-0.031330	0.000116	-0.016566
0.000072	0.000034	0.000008	-0.000225	0.000057	-0.000011	0.000153	0.000257	0.000114	-0.000031	-0.000061	-0.000055	-0.000109	-0.000318	0.035074	0.010311
-0.000054	-0.000356	0.000071	-0.000066	-0.000115	0.000418	0.000330	-0.000205	0.000014	-0.000219	-0.000425	-0.006396	0.000102	0.000116	-0.000224	-0.000245
-0.000497	0.000005	-0.000146	0.000012	0.000139	0.000108	-0.000195	-0.000211	0.000087	-0.000045	0.000214	-0.000205	-0.000158	0.000275	0.000203	0.000089
0.000024	-0.000077	0.000029	-0.000286	0.009153	0.000005	0.000019	0.000217	0.000334	-0.000134	-0.000269	0.000030	-0.000054	-0.005753	-0.013393	-0.000193
-0.014583	-0.000459	-0.031789	0.000790	-0.000056	0.009368	-0.029131	0.007675	-0.000251	0.000108	-0.000093	0.000234	0.000058	0.000010	0.000000	0.000770
-0.000396	-0.000028	-0.000021	-0.000161	-0.007097	-0.000156	-0.000003	0.012518	-0.000132	-0.000983	0.000000	-0.000477	0.000026	-0.000080	-0.000082	-0.018019
-0.000225	-0.000009	-0.000106	0.000097	0.000002	-0.000151	-0.000079	-0.000204	-0.000018	-0.000045	-0.000003	-0.000145	0.000076	-0.000273	-0.000097	-0.000220
0.000043	0.081098	0.000157	0.000406	-0.000109	0.000531	-0.000148	0.000085	0.000338	0.000005	-0.000084	0.000113	-0.000051	-0.000049	-0.000087	0.019739
0.000079	-0.000143	0.000047	0.000071	0.000227	-0.000175	-0.000052	-0.012413	0.000037	0.000022	0.000514	0.000055	0.000143	0.030946	-0.000070	-0.000447
-0.000332	0.000076	-0.000036	-0.000226	-0.000272	0.022282	0.003718	-0.037704	0.000398	-0.008234	0.010803	0.001745	-0.000041	-0.000345	0.003063	0.045473
