5/10/2023	11:27:11 AM

Pc[W]	Q0	Eacc[MV/m]	He_temp[K]
2.092	1546435130.489	5.296	2.001700
0.000618	0.068019	-0.017940	0.000094	-0.000255	0.000334	0.043298	0.374514	0.039567	-0.000200	0.000280	-0.000036	0.000097	0.000009	-0.000028	-0.000002
-0.000168	-0.000023	-0.000272	-0.000407	0.000192	0.000011	0.000383	-0.008668	-0.000099	0.000331	0.012907	0.000236	0.000397	-0.000393	-0.000414	0.000220
0.071092	-0.000100	-0.000162	-0.000395	-0.000609	0.000127	0.000130	-0.000050	-0.001094	-0.000030	-0.017059	0.000208	-0.846118	0.000253	0.053682	-0.000540
0.000209	-0.059582	-0.000716	-0.000127	0.000095	-0.000031	-0.000009	0.000234	0.000223	-0.000042	0.049102	-0.000200	0.000072	-0.000226	-0.000333	-0.000246
-0.000165	0.002628	0.002736	0.000107	-0.000221	0.000031	0.000170	0.006093	-0.000704	0.008534	-0.000077	-0.000035	-0.013606	-0.000118	0.000249	0.000208
-0.001688	-0.000139	0.000032	-0.003944	0.000065	0.031297	0.000068	0.000173	0.000156	-0.005246	0.001505	-0.000095	0.000020	-0.028816	0.042488	0.001447
-0.000200	-0.000144	-0.000256	-0.000047	0.000152	-0.000129	0.000455	-0.000163	0.000007	-0.000015	-0.000508	-0.000258	-0.004710	-0.000279	-0.000017	-0.000111
-0.000200	-0.000111	-0.000175	0.000026	-0.000001	-0.000112	-0.000195	-0.030367	0.000034	-0.000102	0.000184	-0.000195	-0.000041	0.000199	0.000006	-0.000066
-0.013451	0.000187	-0.000135	-0.000028	0.000492	0.000340	-0.021807	0.021261	-0.000070	-0.000235	-0.000073	0.000452	-0.000321	-0.000085	-0.000279	-0.000123
-0.007060	-0.000045	-0.000276	-0.007461	0.000040	0.013055	0.000154	0.008581	-0.000091	0.016762	-0.000020	0.000250	-0.000068	0.000117	-0.000126	0.006188
-0.000200	0.050953	0.000235	-0.000055	-0.000184	0.000042	0.000056	-0.013654	0.000169	-0.000159	0.000043	-0.000208	-0.000104	-0.000200	-0.000200	0.000000
-0.000211	0.000094	0.002580	-0.000181	-0.000067	-0.000132	0.000102	0.043022	-0.013078	0.049081	0.000205	0.000245	-0.000283	0.000209	-0.000030	0.021212
0.000145	0.000177	-0.000484	0.000036	-0.000180	-0.000421	-0.000492	0.017863	-0.029875	-0.018223	-0.000480	0.000230	0.000008	0.000422	-0.000179	-0.000205
0.021981	0.022769	-0.000200	-0.000184	-0.000073	0.000140	0.000161	-0.000154	-0.000047	0.000218	-0.002090	-0.000323	0.000362	0.000164	0.009843	-0.000260
-0.000225	0.000021	-0.000149	-0.000233	-0.000066	0.020347	-0.000187	-0.048317	-0.000039	0.000232	0.000078	0.000013	-0.000183	0.000252	0.000003	-0.000108
0.016716	-0.019826	-0.000040	0.000058	-0.000239	-0.000215	-0.000323	-0.000121	0.000016	0.034997	0.000049	0.008154	-0.000200	0.000040	0.000007	0.000291
0.000110	-0.000036	-0.000267	-0.006084	0.000045	-0.000382	-0.000148	-0.010163	-0.000084	0.000304	0.023246	-0.000064	-0.000181	-0.000264	0.000066	-0.000282
-0.000263	-0.000204	-0.000260	0.000132	-0.029412	-0.004722	-0.000174	0.000199	-0.000120	0.000134	0.000120	0.000135	-0.000142	-0.000190	0.000122	-0.029865
0.000116	-0.000458	-0.000338	-0.000471	0.000050	-0.000085	-0.000138	-0.000229	0.002839	-0.000064	0.000093	0.000313	0.000097	-0.000234	0.000547	0.000000
0.000292	-0.000156	0.000086	0.000006	-0.000023	0.000169	0.000077	-0.000200	-0.000034	-0.000301	0.000007	0.000556	0.000222	0.046148	-0.002868	-0.008763
0.000490	0.000364	0.000171	0.000077	-0.000169	-0.000088	-0.000438	-0.000117	0.000460	-0.000123	-0.000165	0.000535	-0.000065	-0.000087	-0.000028	-0.000004
0.000243	0.000037	0.033295	0.000147	0.000482	-0.000318	0.000074	-0.000271	-0.015783	0.006382	-0.000089	-0.000128	0.000250	-0.000526	0.000050	-0.015612
-0.000021	-0.024586	0.000146	0.012197	-0.000272	-0.000193	0.000094	-0.005315	0.000048	-0.018233	0.009101	0.000447	0.000039	0.000054	0.000175	-0.000314
0.000000	0.010589	0.002376	0.000042	-0.000746	-0.000101	0.003850	-0.000354	-0.000180	-0.005931	-0.000066	-0.000371	0.000131	-0.000270	-0.000058	0.005669
0.000656	0.025460	-0.000224	-0.000169	0.000201	-0.008317	-0.000289	-0.030217	0.016348	0.000082	-0.000285	-0.000020	-0.000185	0.000320	-0.008264	0.018336
0.000243	0.000152	0.000383	-0.003344	0.039747	-0.000055	-0.000034	-0.000130	0.007626	-0.000224	0.000011	-0.000213	-0.000384	0.003193	-0.000006	0.000676
-0.000260	-0.000153	-0.000021	-0.000032	0.000025	-0.000200	0.000309	0.000329	-0.000039	-0.000114	-0.000128	-0.000258	0.000135	-0.000379	0.030045	0.032485
-0.000279	-0.000182	-0.000145	-0.000428	-0.000073	-0.000151	0.000024	-0.000096	0.000069	-0.000244	0.000010	-0.014518	-0.000052	0.000036	-0.000131	0.000028
-0.000326	0.000043	-0.000326	0.000090	-0.000118	-0.000186	-0.000208	-0.000153	0.000000	0.000031	0.000388	-0.000378	-0.000081	-0.000158	-0.000044	-0.000286
-0.000070	-0.000129	0.000177	-0.000039	0.012025	-0.000061	-0.000126	-0.000138	0.000393	-0.000159	-0.000304	-0.000043	-0.000277	-0.061275	0.003625	-0.000393
0.030772	-0.000421	-0.043833	-0.015294	0.000052	0.006505	-0.074406	0.002125	-0.000125	0.000052	-0.000367	0.000310	-0.000078	-0.000265	0.000000	0.007740
-0.000225	-0.000002	-0.000271	-0.000298	-0.001076	-0.000129	-0.000280	0.010902	0.000004	-0.001552	0.000000	-0.000975	-0.000115	-0.000110	-0.000237	-0.024648
-0.000485	0.000052	0.028076	0.000103	-0.000151	-0.000195	-0.000189	-0.000145	-0.000098	-0.000017	-0.000209	-0.000001	-0.000015	-0.000323	-0.000276	-0.000263
-0.000164	0.017160	0.000043	0.000298	-0.000008	0.000146	-0.000349	-0.000033	0.000278	0.000025	0.000175	-0.000076	-0.000266	0.000184	-0.000340	0.010539
-0.000085	-0.000533	-0.000094	0.000217	0.000231	-0.000250	-0.000019	-0.004558	0.000142	-0.000104	0.000032	0.000144	0.000059	-0.009208	-0.000077	-0.000286
-0.000574	-0.000226	0.000004	-0.000051	0.000001	0.016541	0.005339	-0.020761	0.000374	-0.007251	0.011535	0.001319	0.000021	-0.000417	-0.017345	0.020784
