5/10/2023	11:31:10 AM

Pc[W]	Q0	Eacc[MV/m]	He_temp[K]
2.028	3344278170.197	7.669	2.001700
0.000075	0.029501	0.016968	-0.000471	0.000223	0.000376	0.073831	0.545673	0.057350	-0.000200	0.000252	-0.000116	0.000473	0.000284	0.000047	0.000341
-0.000051	0.000069	0.000061	-0.000475	-0.000108	-0.000021	0.000965	-0.002103	0.000018	0.000801	0.012036	0.000164	0.000626	-0.000073	0.000072	0.000472
0.061027	-0.000232	-0.000022	-0.000202	-0.000138	0.000390	0.000107	0.000116	0.007868	0.000236	-0.021024	0.000419	-0.967888	0.000611	0.099642	-0.000045
-0.000239	-0.008208	-0.000643	-0.000009	0.000122	0.000136	0.000099	0.000712	-0.000070	0.000263	0.040911	-0.000030	0.000519	-0.000219	-0.000357	0.000035
-0.000078	0.005117	-0.041406	-0.000181	0.000069	-0.000238	0.000384	-0.018738	-0.000250	-0.015477	0.000128	0.000182	-0.017741	0.000044	0.000132	0.000198
0.000555	-0.000194	0.000078	0.006400	0.000055	0.054543	0.000164	0.000092	0.000307	-0.005689	-0.023745	0.000070	-0.000026	-0.021038	0.042832	0.001498
-0.000200	0.000142	0.000005	-0.000090	0.000209	0.000226	0.000453	-0.000099	0.000232	0.000211	0.000240	-0.000026	0.008902	-0.000407	-0.000351	-0.000279
-0.000200	0.000071	0.000051	0.000267	0.000346	0.000001	0.000006	0.039068	0.000357	-0.000072	0.000316	-0.000029	-0.000334	0.000050	-0.000425	-0.000034
0.011472	0.000237	0.000178	-0.000314	0.000701	0.000207	0.001915	0.050074	0.000254	0.000031	0.000211	0.000174	-0.000501	-0.000166	0.000120	-0.000070
-0.013029	-0.000145	-0.000106	0.019097	0.000142	0.001544	0.000345	0.014990	-0.000045	-0.000214	0.000012	-0.000366	-0.000026	0.000060	-0.000246	0.012607
-0.000200	0.008125	0.000304	0.000087	-0.000139	0.000364	0.000192	0.031976	0.000047	-0.000218	0.000312	0.000060	0.000319	-0.000200	-0.000200	0.000000
-0.000394	0.000001	-0.013061	0.000217	0.000433	0.000043	0.000459	-0.019851	-0.023878	0.019059	0.000079	0.000010	0.000031	-0.000051	0.000122	-0.000211
0.000106	0.000215	-0.000056	0.000168	-0.000202	-0.000080	-0.000509	-0.010104	0.008748	0.005528	-0.000052	0.000102	0.000384	0.000592	0.000097	0.000124
0.035852	0.050017	0.000139	0.000055	0.000022	-0.000081	0.000083	0.000113	-0.000227	-0.000132	-0.002500	-0.000510	-0.000151	0.000277	0.005507	-0.000201
-0.000041	0.000209	-0.000236	0.000140	0.000101	0.001958	-0.000070	-0.039549	-0.000202	0.000268	0.000117	0.000134	0.000138	0.000199	0.000423	-0.000062
0.004805	0.023706	0.000021	0.000075	0.000017	-0.000571	-0.000271	0.000004	-0.000070	-0.004769	-0.000219	-0.001677	-0.000200	0.000089	0.000028	0.000188
0.000335	0.000430	-0.000294	-0.005557	-0.000193	-0.000020	-0.000120	-0.013214	0.000308	0.000308	0.045806	0.000027	0.000227	0.000044	0.000297	-0.000352
-0.000076	-0.000119	-0.000120	-0.000425	-0.035175	-0.008488	-0.000130	0.000654	0.000140	0.000032	0.000099	0.000234	0.000077	0.000109	0.000312	-0.006999
-0.000136	-0.000419	-0.000226	-0.000194	0.000084	0.000101	0.000116	0.000413	0.005116	-0.000001	-0.000083	0.000342	0.000339	-0.000083	0.000196	0.000000
0.000501	0.000019	0.000016	-0.000431	-0.000039	0.000016	0.000084	-0.000204	-0.000029	0.000080	0.000034	0.000706	0.000151	0.016997	-0.007303	-0.012163
0.000529	0.000353	0.000248	0.000091	-0.000133	0.000143	-0.000432	0.000162	0.000259	-0.000134	-0.000017	0.000399	0.000031	-0.000003	-0.000104	0.000002
0.000441	0.000131	0.022849	0.000018	-0.000011	-0.000210	0.000364	-0.000241	-0.008048	-0.015124	-0.000063	0.000213	0.000235	-0.000504	0.000378	0.012316
-0.000102	0.005622	0.000428	0.038541	-0.000387	-0.000076	-0.000040	-0.026578	0.000098	-0.034116	-0.012451	-0.000053	0.000169	0.000240	0.000133	0.000011
0.000000	-0.037441	0.007554	0.000125	0.000040	0.000009	0.023531	-0.000134	-0.000171	0.005586	0.000038	-0.000126	-0.000095	-0.000010	0.000081	-0.039511
0.004076	0.036521	-0.000065	0.000246	0.000338	-0.025200	-0.000485	-0.077305	0.021251	0.000055	-0.000025	-0.000076	0.000147	0.000142	-0.032140	-0.027465
0.000125	0.000104	0.000240	0.002938	0.035568	0.000121	0.000340	-0.000124	-0.008911	-0.000172	-0.000065	-0.000347	-0.000210	-0.012753	-0.000067	-0.014955
0.000006	0.000058	0.000078	0.000010	-0.000077	0.000040	-0.000275	0.000775	0.000395	0.000164	0.000045	-0.000182	-0.000035	-0.000419	0.019492	0.022465
-0.000170	-0.000123	-0.000023	-0.000500	0.000047	0.000358	0.000038	-0.000143	0.000191	-0.000162	-0.000440	0.007930	-0.000063	0.000343	-0.000073	-0.000407
-0.000454	-0.000048	-0.000130	0.000042	0.000225	0.000292	-0.000048	-0.000084	0.000001	0.000036	0.000314	-0.000328	-0.000012	-0.000282	-0.000185	0.000100
0.000092	-0.000107	-0.000085	-0.000113	0.012492	-0.000096	-0.000054	0.000102	0.000240	-0.000169	-0.000049	0.000375	0.000240	-0.025224	-0.006876	-0.000109
0.016402	-0.000263	-0.016228	0.015141	-0.000320	-0.005606	-0.022561	0.013857	-0.000258	0.000352	-0.000107	-0.001784	0.000169	-0.000195	0.000000	0.010377
-0.000095	0.000174	-0.000034	-0.000426	0.006827	0.000105	-0.000380	0.017507	0.000112	-0.001161	0.000000	-0.000411	-0.000007	0.000075	-0.000321	-0.010616
-0.000436	0.000022	-0.002593	-0.000023	-0.000099	-0.000147	-0.000261	0.000059	-0.000017	0.000113	0.000013	0.000090	-0.000168	0.000007	-0.000266	-0.000440
-0.000220	0.019089	-0.000022	0.000123	-0.000170	0.000283	-0.000053	-0.000016	0.000098	-0.000055	0.000532	-0.000048	0.000364	0.000019	-0.000328	0.047830
0.000101	-0.000535	-0.000100	0.000288	0.000100	-0.000301	0.000119	-0.045872	0.000089	-0.000141	0.000022	0.000114	0.000103	-0.020542	-0.000052	-0.000248
-0.000520	-0.000034	-0.000313	-0.000241	-0.000046	0.003481	0.007226	-0.029326	0.000488	-0.008928	0.010551	0.001119	0.000079	-0.000317	0.016602	0.006399
