-2.723811E+0	8.466766E-1	-8.903209E-2	3.723092E-3
-8.122013E+1	4.412817E+1	-8.114082E+0	5.057013E-1
1.045190E+2	-5.090947E+1	8.123926E+0	-4.214368E-1
-5.904368E-1	1.170660E-1	-3.952763E-3	5.369311E-4
-5.093569E-1	8.286895E-2	1.516213E-3	2.086808E-4
-4.500661E-1	6.455560E-2	2.984809E-3	1.963981E-4
-4.629543E-1	6.845718E-2	1.836242E-3	3.278045E-4
1.249282E+2	-6.064856E+1	9.664045E+0	-5.022226E-1
-5.232649E-1	8.197793E-2	1.407154E-3	2.442662E-4
-5.677258E-1	1.006285E-1	-5.725985E-4	3.326668E-4
-6.144469E-1	1.239820E-1	-4.177178E-3	5.217720E-4
-3.055085E-1	6.808050E-3	1.038328E-2	-9.354985E-5
-5.610437E-1	1.018693E-1	-8.847766E-4	3.283983E-4
-5.700818E-1	9.481878E-2	7.133439E-4	2.759365E-4
-5.158031E-1	9.254514E-2	-5.696883E-4	2.660996E-4
-2.810957E-1	-1.626315E-2	1.392015E-2	-2.512453E-4
-4.586986E-1	5.475587E-2	5.718854E-3	4.627201E-5
-5.983590E-1	1.252744E-1	-4.773367E-3	4.473253E-4
-7.524289E-1	1.598090E-1	-7.594983E-3	6.497679E-4
-3.631920E-1	4.095131E-2	4.811254E-3	2.154557E-4
-5.461720E-1	8.877512E-2	1.000082E-3	2.463637E-4
-6.899021E-1	1.549600E-1	-7.963490E-3	5.616907E-4
-5.125820E-1	8.065914E-2	1.824312E-3	1.906698E-4
7.142156E+1	-3.432639E+1	5.336361E+0	-2.639736E-1
-4.352720E-1	6.138275E-2	3.717992E-3	1.834655E-4
-4.550022E-1	5.173472E-2	5.887682E-3	9.980772E-5
-7.151549E-1	1.425888E-1	-4.605364E-3	4.495265E-4
-4.288396E-1	5.960372E-2	3.214057E-3	2.424364E-4
-6.259942E-1	1.078469E-1	-3.176618E-4	2.917593E-4
-6.729179E-1	1.503960E-1	-7.513974E-3	5.403764E-4
-3.685727E-1	2.863924E-2	8.252061E-3	-8.830074E-6
-5.271263E-1	9.064674E-2	9.448367E-5	3.483648E-4
-2.580630E+1	1.541636E+1	-3.140047E+0	2.171497E-1
-6.545049E-1	1.439749E-1	-7.028988E-3	5.436569E-4
-6.016823E-1	1.168679E-1	-3.303395E-3	3.638612E-4
-5.334382E-1	9.901403E-2	-1.878819E-3	4.584085E-4
-4.461402E-1	5.543880E-2	4.844449E-3	1.720263E-4
-7.725136E-1	1.777203E-1	-1.051539E-2	7.745625E-4
-5.356955E-1	1.041742E-1	-2.921532E-3	5.473982E-4
-3.047140E-1	3.964117E-3	1.138300E-2	-1.513308E-4
1.586495E+2	-7.763793E+1	1.251089E+1	-6.608820E-1
-5.995777E-1	1.140438E-1	-2.323597E-3	4.206078E-4
3.453471E+2	-1.636942E+2	2.566208E+1	-1.327911E+0
-1.277872E+0	3.313286E-1	-2.626682E-2	1.315672E-3
-6.471772E-1	1.100791E-1	1.304228E-4	2.323021E-4
-4.683745E-1	7.516484E-2	1.166788E-3	3.300808E-4
-7.562492E-1	1.660963E-1	-7.892431E-3	5.388813E-4
2.015592E+4	-5.788002E+3	5.538643E+2	-1.766108E+1
-6.000552E-1	1.244253E-1	-4.850454E-3	5.802442E-4
6.173004E+1	-2.954681E+1	4.540447E+0	-2.191018E-1
-4.887260E-1	9.115355E-2	-1.715817E-3	4.917810E-4
-6.615289E-1	1.444304E-1	-6.363625E-3	5.262079E-4
-5.474332E-1	1.026206E-1	-2.429697E-3	4.533913E-4
-6.228746E-1	1.337455E-1	-5.670572E-3	4.909556E-4
-5.138095E-1	4.749302E-2	7.435644E-3	4.713440E-5
-8.381253E-1	1.853143E-1	-1.002242E-2	7.217665E-4
-5.723595E-1	1.080316E-1	-1.948821E-3	4.122792E-4
-5.765705E-1	1.156446E-1	-3.879450E-3	5.484288E-4
-1.116788E+2	5.824210E+1	-1.024810E+1	6.093080E-1
-5.772229E-1	1.083515E-1	-1.749114E-3	3.950969E-4
-4.497951E-1	6.061061E-2	3.966088E-3	1.625195E-4
-4.689816E-1	6.106611E-2	4.384392E-3	1.521052E-4
-5.448521E-1	8.941377E-2	7.799890E-4	2.763348E-4
-5.746839E-1	8.536996E-2	1.573607E-3	2.162350E-4
-6.169805E-1	1.374268E-1	-6.747147E-3	5.434089E-4
1.719230E+4	-1.111127E+4	2.393506E+3	-1.718449E+2
-1.965750E+2	1.020374E+2	-1.779159E+1	1.043269E+0
-4.987128E-1	7.397787E-2	2.551652E-3	2.723067E-4
-7.460106E-1	1.788135E-1	-1.116028E-2	7.094382E-4
-6.349684E-1	1.322398E-1	-4.652335E-3	5.058684E-4
-4.835961E-1	7.324852E-2	2.816403E-3	1.770770E-4
-1.099217E+2	5.871949E+1	-1.057461E+1	6.432682E-1
4.102842E-1	-2.382917E-1	3.723281E-2	-1.013847E-3
-7.741158E+1	4.318445E+1	-8.138446E+0	5.183905E-1
-7.190959E-1	1.693144E-1	-9.885026E-3	6.430917E-4
-7.175828E-1	1.653418E-1	-9.459210E-3	6.284128E-4
-1.175457E+2	6.269037E+1	-1.126872E+1	6.836424E-1
-5.763050E-1	1.107175E-1	-2.393708E-3	3.454726E-4
-2.512495E-1	-1.695578E-2	1.394151E-2	-2.007759E-4
-5.418203E-1	7.198980E-2	4.834654E-3	5.510189E-5
-1.084184E+0	2.483156E-1	-1.459108E-2	7.439183E-4
-6.150851E-1	1.275473E-1	-5.579105E-3	5.999184E-4
-5.709158E-1	1.036540E-1	-2.378367E-3	4.849485E-4
1.958559E+2	-9.865696E+1	1.639899E+1	-8.963496E-1
-6.073790E-1	1.132320E-1	-2.202125E-3	3.961490E-4
1.135562E+2	-5.664145E+1	9.257175E+0	-4.921520E-1
-7.014061E-1	1.611778E-1	-9.950078E-3	8.043645E-4
-7.229288E-1	1.639356E-1	-1.000108E-2	7.974642E-4
-7.768679E-1	1.823392E-1	-1.086696E-2	7.320945E-4
-8.912963E-1	2.131852E-1	-1.387842E-2	8.402255E-4
1.453886E+2	-7.202977E+1	1.175740E+1	-6.294468E-1
-4.799930E-1	7.971889E-2	1.318661E-4	4.078013E-4
-6.826709E-1	1.464514E-1	-7.155262E-3	6.744748E-4
5.507379E+1	-2.696343E+1	4.267991E+0	-2.147005E-1
1.001975E+1	-3.376228E+0	3.744218E-1	-1.310178E-2
-5.169669E-1	8.136449E-2	2.444228E-3	1.907742E-4
-3.163628E+13	8.443142E+12	-7.505238E+11	2.222207E+10
-1.392669E+0	3.610381E-1	-2.811170E-2	1.280488E-3
-7.411355E-1	1.698924E-1	-9.589403E-3	6.334985E-4
-8.140420E-1	1.958783E-1	-1.309473E-2	8.843424E-4
-6.650868E-1	1.447991E-1	-6.555212E-3	5.352719E-4
-8.723034E-1	2.187346E-1	-1.588484E-2	9.891991E-4
-7.900753E-1	1.922280E-1	-1.308621E-2	9.272858E-4
-9.423938E-1	2.391452E-1	-1.877833E-2	1.112145E-3
-9.181907E-1	2.360636E-1	-1.735578E-2	9.256789E-4
-8.995974E-1	2.157980E-1	-1.487596E-2	9.592789E-4
-7.340254E-1	1.701835E-1	-1.017272E-2	7.800202E-4
-8.408061E-1	2.103746E-1	-1.473397E-2	8.299065E-4
2.170425E+2	-1.076938E+2	1.766740E+1	-9.557033E-1
-8.067923E-1	1.834599E-1	-1.083227E-2	7.742253E-4
-5.291594E-1	9.881755E-2	-1.515605E-3	3.247809E-4
-7.188871E-1	1.643944E-1	-8.874827E-3	6.179370E-4
-7.658778E+13	2.009671E+13	-1.757576E+12	5.123047E+10
-1.301597E+0	3.212274E-1	-2.339866E-2	1.074656E-3
-8.347307E-1	2.053924E-1	-1.369007E-2	7.865134E-4
-6.838202E-1	1.516194E-1	-7.851997E-3	6.997013E-4
-8.810515E-1	2.215085E-1	-1.634381E-2	1.029864E-3
-7.641345E-1	1.797629E-1	-1.047485E-2	7.601829E-4
-9.028413E-1	2.249746E-1	-1.567782E-2	8.513458E-4
-1.748464E+2	9.032530E+1	-1.568564E+1	9.169288E-1
-6.410437E-1	1.290093E-1	-4.652034E-3	5.263856E-4
-8.072500E-1	1.921404E-1	-1.165884E-2	7.767905E-4
-8.522279E-1	2.090359E-1	-1.426210E-2	9.162609E-4
-6.507710E-1	1.428904E-1	-6.577125E-3	5.172602E-4
-5.633958E-1	1.015280E-1	-8.626704E-4	3.709051E-4
-6.185179E-1	1.127654E-1	-1.847127E-3	3.993856E-4
-9.083172E-1	2.299992E-1	-1.728439E-2	9.983692E-4
-5.107997E-1	8.230966E-2	1.962001E-3	2.214710E-4
1.765754E+2	-8.887605E+1	1.476151E+1	-8.062422E-1
-6.753819E-1	1.434182E-1	-5.975692E-3	5.687749E-4
-5.337677E-1	7.878106E-2	2.812873E-3	1.223251E-4
-8.668723E-1	2.167925E-1	-1.562798E-2	9.996827E-4
-8.127620E-1	1.998385E-1	-1.399884E-2	9.491347E-4
-6.410944E-1	1.350267E-1	-5.264149E-3	5.420528E-4
-4.386081E+1	2.421386E+1	-4.552507E+0	2.912886E-1
1.194434E+2	-5.474580E+1	8.164478E+0	-3.917534E-1
-8.878295E-1	2.270520E-1	-1.730257E-2	1.078214E-3
-7.711542E-1	1.839370E-1	-1.127630E-2	6.963029E-4
-5.601133E-1	9.682197E-2	-3.688684E-4	3.462211E-4
-7.925795E-1	1.867323E-1	-1.119790E-2	7.551920E-4
-6.837786E-1	1.477700E-1	-6.511473E-3	5.788931E-4
-7.759541E-1	1.717050E-1	-8.754356E-3	6.271465E-4
-5.397699E-1	9.535010E-2	-7.080816E-4	3.741142E-4
-6.557317E-1	1.268255E-1	-3.868188E-3	4.275286E-4
3.841768E+1	-1.730526E+1	2.415358E+0	-9.719658E-2
-7.310612E-1	1.661381E-1	-9.800717E-3	7.742092E-4
-6.940703E-1	1.587333E-1	-8.512685E-3	5.951137E-4
1.356060E+1	-4.107885E+0	9.193452E-2	3.807239E-2
-8.430634E-1	2.039637E-1	-1.355581E-2	7.540565E-4
1.222095E+2	-5.983463E+1	9.608324E+0	-5.025259E-1
-8.480884E-1	2.008118E-1	-1.241790E-2	6.994187E-4
-7.912372E+1	4.175051E+1	-7.446928E+0	4.495131E-1
-7.490510E-1	1.701054E-1	-1.038508E-2	7.702592E-4
-1.976053E+1	1.343023E+1	-2.994767E+0	2.198064E-1
-6.839221E-1	1.549940E-1	-9.036952E-3	7.756446E-4
-4.287729E-1	4.791356E-2	5.431840E-3	1.749604E-4
-6.378565E-1	1.376563E-1	-7.180795E-3	7.227225E-4
-6.320936E-1	1.335512E-1	-6.109139E-3	6.273645E-4
-6.785294E-1	1.392009E-1	-5.363944E-3	5.261537E-4
-2.800526E+1	1.622416E+1	-3.211255E+0	2.165802E-1
-3.277997E+13	8.744289E+12	-7.769498E+11	2.299488E+10
-6.838887E+2	3.265673E+2	-5.216505E+1	2.788525E+0
-1.386804E+0	3.700500E-1	-3.060779E-2	1.464257E-3
-8.713709E-1	2.112197E-1	-1.383124E-2	7.951239E-4
-6.868533E-1	1.555102E-1	-9.084131E-3	7.628109E-4
-6.735806E-1	1.360932E-1	-4.281404E-3	4.442937E-4
-2.038045E+4	5.428116E+3	-4.819108E+2	1.426175E+1
-3.055956E+1	1.710815E+1	-3.310150E+0	2.202574E-1
-8.200650E-1	1.976479E-1	-1.339700E-2	9.094320E-4
-1.422055E+5	3.773916E+4	-3.338317E+3	9.842911E+1
-2.866462E+0	9.108578E-1	-9.880051E-2	4.257223E-3
-7.542441E-1	1.777820E-1	-1.111955E-2	8.145426E-4
-1.247973E+0	3.259927E-1	-2.623593E-2	1.340429E-3
-2.313949E+10	6.006979E+9	-5.198011E+8	1.499329E+7
-6.479694E-1	1.309438E-1	-4.826198E-3	5.775366E-4
-1.508920E+0	4.054656E-1	-3.335126E-2	1.521884E-3
-7.752768E-1	1.873992E-1	-1.192432E-2	7.352289E-4
-7.609937E-1	1.808515E-1	-1.102998E-2	6.899474E-4
1.366626E+2	-6.932907E+1	1.158624E+1	-6.349170E-1
-7.664994E-1	1.807251E-1	-1.112494E-2	6.977806E-4
-8.941631E-1	2.091955E-1	-1.311332E-2	8.693876E-4
-9.414146E-1	2.457804E-1	-1.880701E-2	9.859480E-4
-8.617781E-1	2.149351E-1	-1.499034E-2	8.382276E-4
1.488067E+2	-7.353646E+1	1.196681E+1	-6.383796E-1
-1.939155E+1	1.225073E+1	-2.624769E+0	1.895880E-1
6.392562E+1	-3.033790E+1	4.641926E+0	-2.244425E-1
-8.422631E-1	1.979579E-1	-1.228448E-2	7.445640E-4
-6.925363E-1	1.414880E-1	-5.139008E-3	4.920623E-4
-6.606220E-1	1.466529E-1	-7.572026E-3	6.588595E-4
-7.578283E-1	1.703859E-1	-8.718300E-3	5.991530E-4
-5.684624E-1	1.098052E-1	-2.904461E-3	4.958594E-4
1.873604E+2	-9.405043E+1	1.558260E+1	-8.491464E-1
-1.071785E+0	2.887292E-1	-2.410195E-2	1.294232E-3
-6.475069E-1	1.483908E-1	-9.026423E-3	7.894532E-4
-6.958613E-1	1.641457E-1	-1.024905E-2	7.930502E-4
-7.935359E-1	1.823239E-1	-1.021623E-2	7.216086E-4
-4.994344E-1	-3.203412E-2	2.847057E-2	-1.405335E-3
7.187313E+0	-2.461190E+0	2.763901E-1	-9.604601E-3
-8.215717E-1	1.953770E-1	-1.209434E-2	7.882989E-4
-2.642848E+1	1.584399E+1	-3.249280E+0	2.266235E-1
1.178395E+2	-6.229545E+1	1.084738E+1	-6.195765E-1
9.044416E+1	-4.031604E+1	5.757255E+0	-2.570934E-1
-7.153308E-1	1.569268E-1	-7.813634E-3	6.080888E-4
-6.253558E-1	1.190187E-1	-2.036849E-3	3.652188E-4
-6.742463E-1	1.360147E-1	-5.815332E-3	6.517840E-4
-5.481688E-1	9.771727E-2	-1.337979E-3	4.631200E-4
-3.493244E-1	2.636235E-2	6.964362E-3	1.656503E-4
-7.472308E-1	1.623069E-1	-8.846899E-3	6.547309E-4
-9.956305E+0	6.976853E+0	-1.627743E+0	1.257422E-1
5.567017E+2	-2.659781E+2	4.212902E+1	-2.209314E+0
-6.864321E-1	1.467805E-1	-6.495650E-3	5.838486E-4
-6.103414E-1	1.238579E-1	-3.903514E-3	4.823748E-4
-9.253922E-1	2.366091E-1	-1.736729E-2	9.102513E-4
-6.838373E-1	1.274441E-1	-2.147165E-3	3.438279E-4
-7.423421E-1	1.613365E-1	-7.821570E-3	6.679737E-4
-7.575930E-1	1.697463E-1	-8.731030E-3	6.434776E-4
-6.936682E-1	1.596483E-1	-9.201923E-3	7.517674E-4
-7.563617E-1	1.652030E-1	-8.938555E-3	7.383897E-4
-5.696775E-1	1.058717E-1	-2.499725E-3	4.177948E-4
-6.375530E-1	1.363015E-1	-6.293034E-3	6.447769E-4
-6.907501E-1	1.527416E-1	-7.966763E-3	6.931944E-4
-5.242208E-1	9.398778E-2	-1.018181E-3	4.290846E-4
-1.119255E+2	5.700908E+1	-9.807221E+0	5.707521E-1
1.930189E+2	-9.733885E+1	1.620722E+1	-8.881390E-1
-8.251857E-1	2.004704E-1	-1.306263E-2	7.591912E-4
-6.756466E-1	1.545273E-1	-8.297829E-3	5.791296E-4
-5.468836E-1	8.982693E-2	7.654534E-4	2.992944E-4
-7.784860E-1	1.898506E-1	-1.319817E-2	9.307281E-4
-8.095553E-1	1.965104E-1	-1.269717E-2	7.480954E-4
1.589565E+2	-7.914954E+1	1.300333E+1	-7.022030E-1
-7.026225E-1	1.532432E-1	-7.300748E-3	5.724455E-4
2.567528E+2	-1.311098E+2	2.215885E+1	-1.236669E+0
-8.441350E-1	1.957212E-1	-1.151475E-2	7.154483E-4
-7.780361E-1	1.823157E-1	-1.192529E-2	8.558912E-4
-8.635025E-1	2.123993E-1	-1.452838E-2	8.140349E-4
-5.213549E-1	9.009790E-2	9.694502E-5	3.329815E-4
-5.199640E-1	9.377704E-2	-9.504713E-4	4.071293E-4
-4.808451E-1	6.582309E-2	3.761548E-3	1.793203E-4
-5.605926E-1	1.051903E-1	-1.811755E-3	4.122161E-4
-1.038284E+14	2.693861E+13	-2.329770E+12	6.716294E+10
-7.658778E+13	2.009671E+13	-1.757576E+12	5.123047E+10
-3.277997E+13	8.744289E+12	-7.769498E+11	2.299488E+10
-3.163628E+13	8.443142E+12	-7.505238E+11	2.222207E+10
3.015054E+13	-7.583123E+12	6.351071E+11	-1.771182E+10
1.582045E+13	-3.870749E+12	3.145305E+11	-8.484205E+9
-8.647916E+12	2.478648E+12	-2.346799E+11	7.351013E+9
1.582045E+13	-3.870749E+12	3.145305E+11	-8.484205E+9
-7.658778E+13	2.009671E+13	-1.757576E+12	5.123047E+10
-7.658778E+13	2.009671E+13	-1.757576E+12	5.123047E+10
4.115858E+4	-1.948953E+4	3.075993E+3	-1.618109E+2
-7.567997E-1	1.555311E-1	-6.476994E-3	5.780003E-4
3.437444E+2	-1.689667E+2	2.748055E+1	-1.475577E+0
-1.938817E+2	1.016858E+2	-1.788823E+1	1.056543E+0
-6.238955E-1	1.234310E-1	-4.035341E-3	4.952644E-4
-3.678272E-1	3.486074E-2	5.735379E-3	1.584248E-4
-1.512651E-1	-5.308471E-2	1.795690E-2	-4.543922E-4
-5.886667E-1	1.223476E-1	-5.002222E-3	5.985140E-4
-7.101264E-1	1.672852E-1	-1.048845E-2	8.152110E-4
-7.539088E-1	1.734419E-1	-1.045623E-2	7.969887E-4
-6.232678E+0	2.294242E+0	-2.786649E-1	1.221922E-2
-7.117107E-1	1.553886E-1	-7.711951E-3	6.756983E-4
-6.721564E-1	1.460966E-1	-6.575554E-3	5.874157E-4
-7.153223E-1	1.389541E-1	-3.640406E-3	3.944191E-4
2.590743E+1	-1.128352E+1	1.472613E+0	-5.001030E-2
-5.770737E-1	1.064641E-1	-1.200999E-3	3.327724E-4
-6.616453E-1	1.293343E-1	-3.470800E-3	3.887051E-4
1.420143E+2	-7.233312E+1	1.212196E+1	-6.651294E-1
-7.981298E-1	1.868372E-1	-1.208993E-2	8.398685E-4
-5.288855E-1	9.577211E-2	-9.633324E-4	4.184883E-4
-4.175757E-1	5.193555E-2	4.432884E-3	2.013619E-4
-4.635636E-1	6.829484E-2	2.735034E-3	2.267315E-4
-3.854833E-1	2.853779E-2	8.841654E-3	-9.489678E-5
-6.635506E-1	1.434140E-1	-7.423667E-3	6.697262E-4
-7.369173E-1	1.689208E-1	-9.787941E-3	6.324501E-4
-6.096164E-1	1.113647E-1	-2.450689E-3	4.493780E-4
-6.740476E-1	1.369127E-1	-4.366199E-3	4.531868E-4
1.601613E+2	-7.818473E+1	1.255618E+1	-6.601312E-1
-1.896901E+0	2.786475E+0	-8.147264E-1	6.724078E-2
-1.045845E+0	2.192675E-1	-9.633043E-3	4.541948E-4
-7.103948E-1	1.364512E-1	-4.208705E-3	4.936249E-4
-5.979693E-1	9.787915E-2	8.345945E-4	2.329466E-4
-5.815594E-1	1.154486E-1	-3.497677E-3	5.011811E-4
-9.195275E-1	2.480960E-1	-2.471561E-2	1.491702E-3
-4.273797E-1	5.749746E-2	4.071915E-3	7.263705E-5
-4.553530E-1	7.675554E-2	8.138970E-4	2.353775E-4
-6.340489E-1	1.045017E-1	8.181568E-4	2.721495E-4
-5.279678E-1	9.283593E-2	-9.859311E-4	3.875669E-4
9.807903E+2	-4.682859E+2	7.429851E+1	-3.915122E+0
-6.657683E-1	1.401316E-1	-5.537036E-3	5.245067E-4
-5.697860E-1	1.124119E-1	-2.666831E-3	4.360995E-4
-5.954448E-1	1.186214E-1	-4.448434E-3	5.809391E-4
-5.711077E-1	1.061369E-1	-2.594803E-3	5.073277E-4
-7.408092E-1	1.743910E-1	-1.017398E-2	6.355006E-4
-6.015178E-1	1.144307E-1	-2.928603E-3	3.617915E-4
-6.612151E-1	1.411632E-1	-7.109455E-3	6.575021E-4
-5.626441E-1	1.062252E-1	-1.571633E-3	3.561363E-4
9.011583E+1	-4.352928E+1	6.861852E+0	-3.495387E-1
-8.625327E-1	1.900958E-1	-9.967200E-3	6.567696E-4
-6.207569E-1	1.285764E-1	-4.930856E-3	4.380040E-4
-5.153975E-1	6.823930E-2	4.796916E-3	5.888180E-5
-1.710007E+0	4.959690E-1	-4.982307E-2	2.381828E-3
-5.645948E-1	9.649240E-2	8.515207E-4	2.434755E-4
-1.220233E-1	-6.916204E-2	2.062087E-2	-4.954535E-4
-2.152296E+13	5.817258E+12	-5.232563E+11	1.566547E+10
-7.231755E-1	1.546170E-1	-7.274803E-3	6.252769E-4
-6.416293E-1	1.307304E-1	-5.411078E-3	5.841158E-4
-5.474736E-1	9.597464E-2	-9.591460E-5	3.284003E-4
-1.622439E+0	4.210920E-1	-3.363352E-2	1.492016E-3
-6.842542E-1	1.532816E-1	-7.718097E-3	5.517661E-4
-7.306747E-1	1.359756E-1	-3.215565E-3	3.615516E-4
-6.125659E-1	1.160572E-1	-1.978609E-3	3.797474E-4
2.820113E+13	-7.088075E+12	5.932215E+11	-1.653109E+10
-9.415708E-1	2.307232E-1	-1.579767E-2	9.308427E-4
-6.295086E-1	1.181341E-1	-2.250960E-3	3.741630E-4
-7.266466E-1	1.633371E-1	-8.536125E-3	5.775212E-4
-6.428380E-1	1.228863E-1	-2.593802E-3	3.462541E-4
-4.517532E-1	5.352905E-2	5.945158E-3	1.243337E-5
3.506809E+1	-1.663182E+1	2.467252E+0	-1.084233E-1
1.766079E+2	-8.898611E+1	1.479505E+1	-8.087663E-1
8.647009E+1	-4.192366E+1	6.607730E+0	-3.344206E-1
-5.979474E-1	1.167094E-1	-2.937559E-3	4.155447E-4
-5.260121E-1	7.615838E-2	2.698793E-3	2.351194E-4
-6.302834E-1	1.333878E-1	-5.709999E-3	4.856777E-4
-5.383427E-1	9.957776E-2	-1.770576E-3	4.488653E-4
-6.200978E-1	1.303103E-1	-5.436048E-3	5.793244E-4
-7.031921E-1	1.547144E-1	-7.916160E-3	6.733433E-4
-5.327722E-1	9.146839E-2	5.065536E-4	2.867871E-4
-5.102545E-1	7.678921E-2	2.917544E-3	1.779055E-4
-5.606936E-1	1.040193E-1	-1.805692E-3	4.518481E-4
-4.885578E-1	7.918416E-2	4.997261E-4	4.112063E-4
-6.356663E-1	1.270138E-1	-4.316169E-3	5.398233E-4
-6.044547E-1	1.187120E-1	-3.471468E-3	4.952643E-4
-6.794509E-1	1.461707E-1	-6.825177E-3	6.106004E-4
-2.980384E-1	1.081887E-2	9.184711E-3	7.502252E-6
-3.590616E-1	3.718584E-2	6.112105E-3	1.505637E-6
-4.455715E-1	3.632022E-2	9.324325E-3	-1.356655E-4
-6.295627E-1	1.286482E-1	-4.824794E-3	5.663438E-4
-5.356921E-1	9.737565E-2	-1.260865E-3	4.298830E-4
1.160212E+2	-5.895636E+1	9.837127E+0	-5.358199E-1
-3.943038E-1	3.859880E-2	6.832369E-3	5.763782E-5
-4.483650E-1	5.793182E-2	4.840446E-3	1.131240E-4
-6.097377E-1	1.173368E-1	-2.510508E-3	4.070595E-4
-5.818213E-1	9.741106E-2	6.663362E-4	2.174228E-4
-3.962418E-1	3.669884E-2	7.864720E-3	-4.293737E-5
-4.101318E+1	2.295597E+1	-4.392559E+0	2.865673E-1
5.166360E+0	-4.977794E-1	-4.061710E-1	5.985864E-2
-5.160260E-1	8.834205E-2	2.118248E-4	2.346366E-4
-6.960905E-1	1.528782E-1	-7.299704E-3	5.180352E-4
-5.377612E-1	8.272502E-2	2.296411E-3	1.540680E-4
-2.345851E-1	-1.023703E-2	1.100385E-2	-4.332784E-5
-2.097370E-1	-3.777605E-2	1.685340E-2	-3.328161E-4
8.232308E+1	-4.067392E+1	6.537089E+0	-3.377508E-1
-5.226907E-1	9.217756E-2	1.006930E-4	2.777932E-4
3.491717E+1	-1.615906E+1	2.326302E+0	-9.813627E-2
-5.469987E-1	8.934937E-2	1.293218E-3	2.375261E-4
2.164737E+2	-1.092496E+2	1.822951E+1	-1.003015E+0
-8.611277E-1	1.973378E-1	-1.173303E-2	7.881373E-4
-5.468962E-1	1.010251E-1	-1.218015E-3	3.460608E-4
-6.387010E-1	1.275955E-1	-4.853442E-3	5.530503E-4
1.237705E+2	-6.256869E+1	1.040454E+1	-5.661267E-1
-5.779578E-1	1.053020E-1	-9.546843E-4	3.196744E-4
-4.946013E+1	2.735165E+1	-5.146512E+0	3.294166E-1
3.709013E+1	-1.705102E+1	2.463605E+0	-1.065254E-1
-6.640333E-1	1.358653E-1	-5.071345E-3	5.445420E-4
-8.896681E-1	1.846528E-1	-7.742103E-3	4.915007E-4
-5.606076E-1	9.460728E-2	2.233931E-4	2.606165E-4
-4.505049E-1	6.162218E-2	3.738070E-3	1.434171E-4
-5.628497E-1	9.530873E-2	2.595014E-4	2.813248E-4
-3.649625E+13	9.697892E+12	-8.585046E+11	2.531951E+10
-3.773166E+1	2.350631E+1	-4.836945E+0	3.279817E-1
-3.796633E+1	2.170747E+1	-4.247070E+0	2.831288E-1
-4.686147E-1	6.974997E-2	3.110226E-3	1.427272E-4
-5.803975E-1	1.158681E-1	-3.304933E-3	3.810945E-4
-3.286198E-1	9.993549E-3	1.072632E-2	-1.717264E-4
-4.922392E+1	2.649029E+1	-4.860192E+0	3.040805E-1
-4.651401E-1	6.563895E-2	3.043887E-3	2.401544E-4
-7.051043E-1	1.594052E-1	-8.231017E-3	5.743534E-4
8.045183E+1	-3.995930E+1	6.469279E+0	-3.378148E-1
-5.758222E-1	1.145614E-1	-3.353809E-3	3.960594E-4
-4.567378E-1	5.375135E-2	5.701557E-3	1.028308E-4
-5.194530E-1	7.400241E-2	3.597870E-3	7.488447E-5
-2.816856E-1	-1.642001E-2	1.360067E-2	-1.725557E-4
-5.399793E-1	9.367407E-2	-1.246504E-4	2.372884E-4
1.031674E+2	-5.128128E+1	8.351380E+0	-4.424082E-1
4.483034E+1	-2.095101E+1	3.098841E+0	-1.395716E-1
-1.074518E+2	5.769111E+1	-1.044441E+1	6.383319E-1
-4.794541E-1	6.794585E-2	3.429823E-3	1.788487E-4
-3.272341E-1	1.066110E-2	1.065226E-2	-1.341112E-4
-4.557039E-1	7.437299E-2	5.702870E-4	3.724949E-4
1.698002E+2	-8.548172E+1	1.419927E+1	-7.754378E-1
-4.874542E-1	8.039793E-2	4.515210E-4	3.486349E-4
7.876575E+1	-3.699103E+1	5.622786E+0	-2.722106E-1
-7.241139E+1	3.889254E+1	-7.085334E+0	4.383165E-1
-1.352496E-1	-5.156556E-2	1.608212E-2	-2.266107E-4
-4.537175E-1	6.447737E-2	2.136337E-3	3.148487E-4
-3.658191E-1	3.538720E-2	5.718856E-3	1.860057E-4
-3.917100E-1	3.056397E-2	7.333350E-3	6.341078E-5
-2.928127E-1	1.253728E-2	8.309116E-3	5.915545E-5
-1.242667E+2	6.537297E+1	-1.158960E+1	6.936925E-1
5.912917E+1	-2.801017E+1	4.254288E+0	-2.024124E-1
-2.362392E-1	-2.323282E-2	1.424361E-2	-1.968920E-4
-3.907510E-1	3.573920E-2	7.191471E-3	2.779587E-5
-3.808324E-1	4.281955E-2	5.701029E-3	6.026494E-5
-4.360076E+1	2.496623E+1	-4.856332E+0	3.202473E-1
9.521655E+1	-4.630558E+1	7.342721E+0	-3.758243E-1
-5.224933E-1	9.292962E-2	-7.025881E-4	2.901475E-4
-3.457636E-1	2.795481E-2	7.299445E-3	7.331553E-5
-4.997602E-1	7.322107E-2	3.103866E-3	1.741240E-4
1.417452E+2	-7.239352E+1	1.217604E+1	-6.713943E-1
-4.187899E-1	4.664309E-2	5.744165E-3	4.836223E-5
-4.067988E-1	4.381249E-2	6.071861E-3	3.251781E-5
-4.723972E-1	7.268321E-2	2.119362E-3	2.080098E-4
-5.013143E-1	8.940254E-2	-7.810388E-4	4.080676E-4
8.800831E+1	-4.325395E+1	6.934325E+0	-3.589748E-1
-4.167791E-1	3.676431E-2	8.127614E-3	-5.744475E-5
4.801106E+1	-2.231310E+1	3.294799E+0	-1.492804E-1
-1.973561E-1	-3.323675E-2	1.588086E-2	-3.262788E-4
-3.913260E-1	4.835892E-2	4.574057E-3	9.266518E-5
-5.834360E-1	1.015388E-1	-7.144285E-4	3.550907E-4
-2.308421E-1	-1.538832E-2	1.297273E-2	-1.728693E-4
-3.223137E-1	1.420983E-2	9.809260E-3	-7.195060E-5
-4.468501E-1	6.141004E-2	4.025312E-3	1.229681E-4
-3.367687E-1	1.280136E-3	1.166357E-2	-1.366505E-4
-4.693890E-1	7.778443E-2	7.339913E-4	3.305126E-4
-4.707697E-1	6.886894E-2	2.314867E-3	2.190647E-4
-3.703427E-1	3.133863E-2	7.577483E-3	1.532724E-5
-4.423223E-1	6.102712E-2	2.939778E-3	2.627416E-4
-5.691112E-1	9.509916E-2	7.706004E-4	2.230288E-4
-4.854551E-1	5.004020E-2	7.255222E-3	-2.396925E-5
-4.286527E-1	4.963315E-2	5.429052E-3	6.682384E-5
7.528766E+1	-3.747733E+1	6.079367E+0	-3.177608E-1
6.129800E+2	-2.887994E+2	4.513213E+1	-2.337123E+0
-3.945334E-1	4.621173E-2	5.024722E-3	1.482128E-4
-2.638000E-1	-2.259386E-3	1.065353E-2	-3.873881E-5
-4.266559E-1	6.009239E-2	2.966050E-3	2.462284E-4
-2.777188E-1	5.586279E-4	1.110210E-2	-9.977278E-5
-6.942752E-1	1.533770E-1	-7.520972E-3	5.469561E-4
-3.401072E-1	3.155664E-2	5.973661E-3	1.586357E-4
-4.915439E-1	8.022979E-2	6.771475E-4	3.537851E-4
-4.407133E-1	5.833055E-2	4.421238E-3	1.225409E-4
-5.396391E-1	1.058908E-1	-2.538682E-3	3.563241E-4
-5.182651E-1	9.254980E-2	-4.554161E-4	2.781082E-4
-3.484052E-1	1.252268E-2	1.075134E-2	-9.321028E-5
5.627235E+1	-2.658903E+1	4.033017E+0	-1.917478E-1
-3.539867E-1	3.101257E-2	6.834645E-3	1.119720E-4
-4.805430E-1	6.761662E-2	3.802468E-3	1.067427E-4
-4.525561E-1	7.230840E-2	1.689139E-3	1.969976E-4
-4.966988E-1	6.783764E-2	4.228459E-3	1.084020E-4
-3.322422E-1	2.235894E-2	6.822637E-3	1.735360E-4
2.561691E+14	-6.621603E+13	5.705219E+12	-1.638529E+11
-1.126981E+0	2.789828E-1	-1.982035E-2	9.369779E-4
-4.351118E-1	5.691724E-2	4.295867E-3	5.514356E-5
-4.589992E-1	6.837260E-2	1.971720E-3	2.905943E-4
-3.439239E-1	2.099790E-2	8.720736E-3	-4.864631E-5
-5.997358E-1	1.178128E-1	-3.588296E-3	3.916290E-4
-4.484924E-1	5.359555E-2	5.308299E-3	9.937307E-5
-5.675540E+1	1.654687E+1	-1.627481E+0	5.420221E-2
-3.316153E-1	1.545501E-2	9.758673E-3	-1.272107E-4
-4.619121E-1	5.033475E-2	6.675458E-3	-1.058828E-5
-6.267237E-1	1.146230E-1	-1.293084E-3	3.159610E-4
-6.414414E-1	1.285487E-1	-4.229412E-3	4.045572E-4
-5.622608E-1	1.004671E-1	-1.209061E-3	2.937855E-4
-6.362752E-1	1.280289E-1	-3.410594E-3	4.332854E-4
-3.834855E-1	3.778669E-2	5.747591E-3	1.748434E-4
-5.300688E-1	1.005293E-1	-1.896481E-3	3.414733E-4
-3.685690E-1	4.038400E-2	5.672852E-3	6.032204E-5
-5.067070E-1	8.196540E-2	1.653994E-3	2.006952E-4
-2.435218E-1	-1.146530E-2	1.243315E-2	-1.670183E-4
-3.212681E-1	3.727422E-3	1.153748E-2	-1.738076E-4
-3.276992E-1	1.660624E-2	9.265481E-3	-4.265633E-5
-4.017660E-1	4.859549E-2	4.639507E-3	2.028081E-4
-3.683305E-1	3.154271E-2	7.337783E-3	9.482281E-6
-4.872023E-1	8.180115E-2	3.602959E-4	3.474284E-4
-5.048026E-1	8.425755E-2	6.124836E-4	3.291378E-4
-2.180069E+9	5.659137E+8	-4.896761E+7	1.412363E+6
-4.599588E-1	6.869029E-2	2.530866E-3	2.594395E-4
-4.868085E-1	6.428673E-2	4.306947E-3	1.259213E-4
-2.351038E+1	1.391905E+1	-2.842846E+0	1.987786E-1
3.315967E+1	-1.509376E+1	2.126444E+0	-8.594480E-2
-5.687448E-1	9.874346E-2	3.716133E-4	2.715144E-4
8.061096E+1	-3.858799E+1	5.983316E+0	-2.960026E-1
-1.782773E-1	-4.531844E-2	1.750439E-2	-4.146445E-4
5.294589E+1	-2.474156E+1	3.679156E+0	-1.683598E-1
1.825127E+1	-6.950141E+0	6.435307E-1	3.807602E-3
-5.565846E-1	8.604121E-2	2.205690E-3	1.802042E-4
3.975018E+1	-2.300860E+1	4.227849E+0	-2.483407E-1
-6.895811E+1	3.716979E+1	-6.804623E+0	4.235250E-1
-1.101970E+2	5.776328E+1	-1.020717E+1	6.085605E-1
-4.083277E-1	4.302632E-2	6.176139E-3	2.789120E-5
-3.457138E-1	2.776188E-2	7.646942E-3	2.972695E-6
-7.457547E-1	1.559004E-1	-6.374134E-3	5.384763E-4
-5.544571E-1	8.958812E-2	1.647430E-3	1.932708E-4
-1.692163E+0	4.916382E-1	-4.972477E-2	2.358882E-3
-4.735307E-1	5.592892E-2	5.932256E-3	3.640765E-7
-3.649625E+13	9.697892E+12	-8.585046E+11	2.531951E+10
-1.950339E+2	9.544359E+1	-1.574948E+1	8.765142E-1
-6.308632E-1	1.266404E-1	-4.736283E-3	5.624859E-4
-5.873572E-1	1.003473E-1	-3.503872E-4	2.984427E-4
-4.548808E-1	6.408091E-2	2.981497E-3	2.545454E-4
-3.875016E-1	3.761985E-2	5.675923E-3	9.103248E-5
8.662758E+1	-4.184097E+1	6.584339E+0	-3.339604E-1
-3.389921E-1	3.023076E-2	6.457894E-3	1.082230E-4
-2.559876E-1	-9.650354E-3	1.260742E-2	-1.737593E-4
1.251522E+1	-2.282438E+0	-3.701788E-1	6.774480E-2
-1.630171E+13	4.463899E+12	-4.063254E+11	1.229785E+10
-1.919048E+0	5.770232E-1	-5.389658E-2	2.403277E-3
-7.499444E-1	1.627556E-1	-6.525118E-3	4.728512E-4
-5.991982E-1	1.004160E-1	5.700603E-4	2.017101E-4
-5.252019E-1	9.233372E-2	-5.532518E-4	3.911199E-4
-4.384614E-1	6.018109E-2	4.094988E-3	1.180067E-4
-5.653302E-1	1.092623E-1	-2.597586E-3	3.545484E-4
1.323782E+2	-6.629795E+1	1.093500E+1	-5.912384E-1
-4.166927E-1	3.732991E-2	7.626315E-3	-2.362316E-5
-4.872996E-1	8.605485E-2	-4.286179E-4	2.880750E-4
-4.196744E+1	2.267841E+1	-4.188228E+0	2.647415E-1
-4.607776E-1	7.493495E-2	1.135421E-3	2.303278E-4
-5.272689E-1	9.982072E-2	-1.896721E-3	3.474556E-4
-4.377270E-1	6.534708E-2	2.066878E-3	1.975362E-4
-4.129510E-1	5.938128E-2	3.081765E-3	1.566562E-4
-3.687358E-1	3.134080E-2	7.693124E-3	-2.181449E-6
-5.781300E-1	1.186828E-1	-4.025398E-3	4.225362E-4
-4.894148E-1	8.347016E-2	5.217690E-4	2.412864E-4
-4.371889E-1	6.494524E-2	2.743641E-3	1.371896E-4
-6.609919E-1	1.417163E-1	-6.018968E-3	4.765108E-4
-4.095949E-1	4.888865E-2	5.436891E-3	1.057886E-4
-5.598034E-1	8.741036E-2	2.300238E-3	1.237785E-4
1.014122E+7	-4.649952E+6	7.106955E+5	-3.620724E+4
-5.390695E-1	8.991191E-2	1.219883E-3	2.402017E-4
-4.579215E-1	7.775768E-2	-2.138609E-5	4.245615E-4
8.847535E+1	-4.277034E+1	6.733497E+0	-3.416155E-1
-3.863198E-1	5.151147E-2	3.228608E-3	2.595890E-4
-3.977270E-1	4.894047E-2	4.304608E-3	2.206404E-4
-4.607573E-1	6.837833E-2	1.737684E-3	3.217502E-4
-4.928253E-1	7.923880E-2	1.346761E-3	2.983768E-4
-3.988475E-1	5.131131E-2	3.732978E-3	2.249482E-4
-2.841098E-1	4.206876E-3	1.016226E-2	-1.374954E-5
-3.714455E-1	2.149728E-2	9.871045E-3	-1.247667E-4
-8.523745E-1	2.067725E-1	-1.370231E-2	7.747882E-4
-5.296797E-1	8.479748E-2	1.558692E-3	2.496279E-4
-6.116121E-1	1.242955E-1	-4.039853E-3	4.073592E-4
-4.256982E-1	6.089857E-2	2.980624E-3	2.470083E-4
-6.086575E-1	1.189553E-1	-3.599635E-3	4.831974E-4
-4.849785E-1	7.939422E-2	2.471065E-4	3.622713E-4
1.009132E+2	-5.063950E+1	8.319935E+0	-4.441388E-1
-1.826191E+0	4.352828E-1	-3.169313E-2	1.353132E-3
-4.605630E-1	6.757195E-2	2.948444E-3	1.755693E-4
-6.542344E-1	1.455182E-1	-7.280403E-3	5.473668E-4
-5.915586E-1	1.291808E-1	-5.702134E-3	5.000965E-4
-3.040451E-1	1.230447E-2	9.522231E-3	-4.307744E-5
-5.131058E-1	9.511962E-2	-1.827854E-3	4.684987E-4
-2.491358E-1	-3.117390E-3	9.321924E-3	7.366376E-5
6.730792E+1	-3.012053E+1	4.313323E+0	-1.924632E-1
-3.770262E-1	3.224432E-2	7.128348E-3	3.767955E-5
-3.893823E-1	4.649340E-2	4.596586E-3	2.001159E-4
-4.254483E-1	5.650342E-2	4.156991E-3	1.403544E-4
-6.039260E-1	1.227320E-1	-4.214937E-3	4.170094E-4
-3.615208E-1	2.604701E-2	8.142051E-3	-6.621009E-6
1.156774E+2	-5.759753E+1	9.430640E+0	-5.048549E-1
-5.284090E-1	8.340628E-2	1.660827E-3	1.412379E-4
-6.000847E-1	1.048907E-1	-1.904101E-3	4.008451E-4
-5.490835E-1	1.008471E-1	-1.119315E-3	3.629339E-4
-3.540500E-1	3.830912E-2	4.765741E-3	2.288111E-4
-3.630341E-1	3.551883E-2	5.337912E-3	2.208883E-4
-3.586627E-1	3.200408E-2	6.121359E-3	1.402901E-4
-3.102893E-1	1.574019E-2	7.693401E-3	8.364282E-5
6.783086E+1	-3.309706E+1	5.234568E+0	-2.644497E-1
-5.025366E-1	8.751398E-2	-2.023043E-4	3.702493E-4
1.095702E+2	-4.827073E+1	6.942084E+0	-3.228316E-1
-5.562417E-1	1.076231E-1	-3.425494E-3	5.498477E-4
-4.897594E-1	8.257543E-2	-4.444469E-4	4.168033E-4
-8.535064E-1	2.096934E-1	-1.500924E-2	9.802990E-4
-6.050850E-1	1.173823E-1	-3.392827E-3	5.021152E-4
-2.360432E-1	-1.604336E-2	1.238207E-2	-7.586682E-5
-4.832251E-1	7.327509E-2	2.362860E-3	1.998618E-4
1.880007E+1	-7.894029E+0	9.253279E-1	-1.954377E-2
-3.555102E+1	2.010833E+1	-3.899545E+0	2.592071E-1
